#FORMAT=WebAnno TSV 3.3
#T_SP=webanno.custom.CharacterMention|CharacterName
#T_RL=webanno.custom.SocialRelationship|Direction|InclusionRelationType|Modality|RelationType|BT_webanno.custom.CharacterMention


#Text=1
#Text=汽笛“嗡——”一阵长鸣，到后来听见更多的或许是回声。
1-1	0-1	1	_	_	_	_	_	_	
1-2	2-4	汽笛	_	_	_	_	_	_	
1-3	4-5	“	_	_	_	_	_	_	
1-4	5-6	嗡	_	_	_	_	_	_	
1-5	6-7	—	_	_	_	_	_	_	
1-6	7-8	—	_	_	_	_	_	_	
1-7	8-9	”	_	_	_	_	_	_	
1-8	9-13	一阵长鸣	_	_	_	_	_	_	
1-9	13-14	，	_	_	_	_	_	_	
1-10	14-27	到后来听见更多的或许是回声	_	_	_	_	_	_	
1-11	27-28	。	_	_	_	_	_	_	

#Text=车厢里的大仓忠义，风衣口袋里还留着揉皱的票根；人群、沙子、浮尘、“呼呼”席卷的风和呛人的灰烟，铁道和机械的金属在冷空气中吱吱嘎嘎艰难地擦碰。
2-1	28-36	车厢里的大仓忠义	_	_	_	_	_	_	
2-1.1	32-36	大仓忠义	大仓忠义	_	_	_	_	_	
2-2	36-37	，	_	_	_	_	_	_	
2-3	37-50	风衣口袋里还留着揉皱的票根	_	_	_	_	_	_	
2-4	50-51	；	_	_	_	_	_	_	
2-5	51-53	人群	_	_	_	_	_	_	
2-6	53-54	、	_	_	_	_	_	_	
2-7	54-56	沙子	_	_	_	_	_	_	
2-8	56-57	、	_	_	_	_	_	_	
2-9	57-59	浮尘	_	_	_	_	_	_	
2-10	59-60	、	_	_	_	_	_	_	
2-11	60-61	“	_	_	_	_	_	_	
2-12	61-63	呼呼	_	_	_	_	_	_	
2-13	63-64	”	_	_	_	_	_	_	
2-14	64-74	席卷的风和呛人的灰烟	_	_	_	_	_	_	
2-15	74-75	，	_	_	_	_	_	_	
2-16	75-97	铁道和机械的金属在冷空气中吱吱嘎嘎艰难地擦碰	_	_	_	_	_	_	
2-17	97-98	。	_	_	_	_	_	_	

#Text=他想不管怎么说车至少在走着。
3-1	98-111	他想不管怎么说车至少在走着	_	_	_	_	_	_	
3-1.1	98-99	他	大仓忠义	_	_	_	_	_	
3-2	111-112	。	_	_	_	_	_	_	

#Text=翻滚颠簸的空间晕得人想吐；他打开车窗，夜空里满天的星星在闪，只是火车就这么一直开，把什么都抛在背后。
4-1	112-124	翻滚颠簸的空间晕得人想吐	_	_	_	_	_	_	
4-2	124-125	；	_	_	_	_	_	_	
4-3	125-130	他打开车窗	_	_	_	_	_	_	
4-3.1	125-126	他	大仓忠义	_	_	_	_	_	
4-4	130-131	，	_	_	_	_	_	_	
4-5	131-141	夜空里满天的星星在闪	_	_	_	_	_	_	
4-6	141-142	，	_	_	_	_	_	_	
4-7	142-152	只是火车就这么一直开	_	_	_	_	_	_	
4-8	152-153	，	_	_	_	_	_	_	
4-9	153-161	把什么都抛在背后	_	_	_	_	_	_	
4-10	161-162	。	_	_	_	_	_	_	

#Text=他不知怎么的就要走了。
5-1	163-173	他不知怎么的就要走了	_	_	_	_	_	_	
5-1.1	163-164	他	大仓忠义	_	_	_	_	_	
5-2	173-174	。	_	_	_	_	_	_	

#Text=因为发现从来没有过拥有，所以不知道算不算得上失去。
6-1	174-185	因为发现从来没有过拥有	_	_	_	_	_	_	
6-2	185-186	，	_	_	_	_	_	_	
6-3	186-198	所以不知道算不算得上失去	_	_	_	_	_	_	
6-4	198-199	。	_	_	_	_	_	_	

#Text=那天他向这个世界的残酷秘密投去了属于新生婴儿怯生生的目光；他第一次看见有谁像这样的无能为力，低下头颅，像迷茫的困兽，无形的镣铐在身体四处紧钳着挣不脱。
7-1	200-228	那天他向这个世界的残酷秘密投去了属于新生婴儿怯生生的目光	_	_	_	_	_	_	
7-1.1	202-203	他	大仓忠义	_	_	_	_	_	
7-2	228-229	；	_	_	_	_	_	_	
7-3	229-245	他第一次看见有谁像这样的无能为力	_	_	_	_	_	_	
7-3.1	229-230	他	大仓忠义	_	_	_	_	_	
7-4	245-246	，	_	_	_	_	_	_	
7-5	246-250	低下头颅	_	_	_	_	_	_	
7-6	250-251	，	_	_	_	_	_	_	
7-7	251-257	像迷茫的困兽	_	_	_	_	_	_	
7-8	257-258	，	_	_	_	_	_	_	
7-9	258-274	无形的镣铐在身体四处紧钳着挣不脱	_	_	_	_	_	_	
7-10	274-275	。	_	_	_	_	_	_	

#Text=锦户俯下身，在脊梁上、消瘦的肩胛两侧，布满了印记；血淋淋白花花，底下被七零八落乱糟糟撕扯开来的肌肉纤维似乎突破了皮肤的界限，新的伤旧的伤，结痂或者没结，在大仓眼前共同颤抖窜动，聚成地狱之火冉冉初升。
8-1	276-281	锦户俯下身	_	_	_	_	_	_	
8-1.1	276-278	锦户	锦户亮	_	_	_	_	_	
8-2	281-282	，	_	_	_	_	_	_	
8-3	282-286	在脊梁上	_	_	_	_	_	_	
8-4	286-287	、	_	_	_	_	_	_	
8-5	287-294	消瘦的肩胛两侧	_	_	_	_	_	_	
8-6	294-295	，	_	_	_	_	_	_	
8-7	295-300	布满了印记	_	_	_	_	_	_	
8-8	300-301	；	_	_	_	_	_	_	
8-9	301-307	血淋淋白花花	_	_	_	_	_	_	
8-10	307-308	，	_	_	_	_	_	_	
8-11	308-337	底下被七零八落乱糟糟撕扯开来的肌肉纤维似乎突破了皮肤的界限	_	_	_	_	_	_	
8-12	337-338	，	_	_	_	_	_	_	
8-13	338-344	新的伤旧的伤	_	_	_	_	_	_	
8-14	344-345	，	_	_	_	_	_	_	
8-15	345-351	结痂或者没结	_	_	_	_	_	_	
8-16	351-352	，	_	_	_	_	_	_	
8-17	352-363	在大仓眼前共同颤抖窜动	_	_	_	_	_	_	
8-17.1	353-355	大仓	大仓忠义	_	_	_	_	_	
8-18	363-364	，	_	_	_	_	_	_	
8-19	364-374	聚成地狱之火冉冉初升	_	_	_	_	_	_	
8-20	374-375	。	_	_	_	_	_	_	

#Text=有亲吻曾经落在它的上面；艳丽。
9-1	376-387	有亲吻曾经落在它的上面	_	_	_	_	_	_	
9-2	387-388	；	_	_	_	_	_	_	
9-3	388-390	艳丽	_	_	_	_	_	_	
9-4	390-391	。	_	_	_	_	_	_	

#Text=疼痛。
10-1	391-393	疼痛	_	_	_	_	_	_	
10-2	393-394	。	_	_	_	_	_	_	

#Text=好像另一道伤痕。
11-1	394-401	好像另一道伤痕	_	_	_	_	_	_	
11-2	401-402	。	_	_	_	_	_	_	

#Text=他19岁，一时无法确定这吻代表抚慰还是加害。
12-1	403-404	他	大仓忠义	_	_	_	_	_	
12-2	404-406	19	_	_	_	_	_	_	
12-3	406-407	岁	_	_	_	_	_	_	
12-4	407-408	，	_	_	_	_	_	_	
12-5	408-424	一时无法确定这吻代表抚慰还是加害	_	_	_	_	_	_	
12-6	424-425	。	_	_	_	_	_	_	

#Text=或许只是欲望。
13-1	425-431	或许只是欲望	_	_	_	_	_	_	
13-2	431-432	。	_	_	_	_	_	_	

#Text=他不知道。
14-1	432-436	他不知道	_	_	_	_	_	_	
14-1.1	432-433	他	大仓忠义	_	_	_	_	_	
14-2	436-437	。	_	_	_	_	_	_	

#Text=大仓的手伸出又收回，收回又伸出，锦户亮静在那里，火烧不掉沉重的烙印，就在他身上带了一辈子。
15-1	438-447	大仓的手伸出又收回	_	_	_	_	_	_	
15-1.1	438-440	大仓	大仓忠义	_	_	_	_	_	
15-2	447-448	，	_	_	_	_	_	_	
15-3	448-453	收回又伸出	_	_	_	_	_	_	
15-4	453-454	，	_	_	_	_	_	_	
15-5	454-461	锦户亮静在那里	_	_	_	_	_	_	
15-5.1	454-457	锦户亮	锦户亮	_	_	_	_	_	
15-6	461-462	，	_	_	_	_	_	_	
15-7	462-471	火烧不掉沉重的烙印	_	_	_	_	_	_	
15-8	471-472	，	_	_	_	_	_	_	
15-9	472-482	就在他身上带了一辈子	_	_	_	_	_	_	
15-9.1	474-475	他	锦户亮	_	_	_	_	_	
15-10	482-483	。	_	_	_	_	_	_	

#Text=大仓说，“对不起，老师。”
16-1	484-487	大仓说	_	_	_	_	_	_	
16-1.1	484-486	大仓	大仓忠义	_	_	_	_	_	
16-2	487-488	，	_	_	_	_	_	_	
16-3	488-489	“	_	_	_	_	_	_	
16-4	489-492	对不起	_	_	_	_	_	_	
16-5	492-493	，	_	_	_	_	_	_	
16-6	493-495	老师	锦户亮	_	_	_	_	_	
16-7	495-496	。	_	_	_	_	_	_	
16-8	496-497	”	_	_	_	_	_	_	

#Text=他并没有决定忘掉，没有特地去下那个决心。
17-1	498-506	他并没有决定忘掉	_	_	_	_	_	_	
17-1.1	498-499	他	大仓忠义	_	_	_	_	_	
17-2	506-507	，	_	_	_	_	_	_	
17-3	507-517	没有特地去下那个决心	_	_	_	_	_	_	
17-4	517-518	。	_	_	_	_	_	_	

#Text=人常常是把遗忘想得太困难了些。
18-1	518-532	人常常是把遗忘想得太困难了些	_	_	_	_	_	_	
18-2	532-533	。	_	_	_	_	_	_	

#Text=旖旎、美丽的过往旧事，最终都要掉进写着“不可回收”的废纸篓。
19-1	533-535	旖旎	_	_	_	_	_	_	
19-2	535-536	、	_	_	_	_	_	_	
19-3	536-543	美丽的过往旧事	_	_	_	_	_	_	
19-4	543-544	，	_	_	_	_	_	_	
19-5	544-552	最终都要掉进写着	_	_	_	_	_	_	
19-6	552-553	“	_	_	_	_	_	_	
19-7	553-557	不可回收	_	_	_	_	_	_	
19-8	557-558	”	_	_	_	_	_	_	
19-9	558-562	的废纸篓	_	_	_	_	_	_	
19-10	562-563	。	_	_	_	_	_	_	

#Text=大仓忠义偶尔会把破破烂烂的纸团再打开，读上面模糊的字迹，辨认不清那是爱，恨，感动，也许是死亡。
20-1	564-582	大仓忠义偶尔会把破破烂烂的纸团再打开	_	_	_	_	_	_	
20-1.1	564-568	大仓忠义	大仓忠义	_	_	_	_	_	
20-2	582-583	，	_	_	_	_	_	_	
20-3	583-591	读上面模糊的字迹	_	_	_	_	_	_	
20-4	591-592	，	_	_	_	_	_	_	
20-5	592-599	辨认不清那是爱	_	_	_	_	_	_	
20-6	599-600	，	_	_	_	_	_	_	
20-7	600-601	恨	_	_	_	_	_	_	
20-8	601-602	，	_	_	_	_	_	_	
20-9	602-604	感动	_	_	_	_	_	_	
20-10	604-605	，	_	_	_	_	_	_	
20-11	605-610	也许是死亡	_	_	_	_	_	_	
20-12	610-611	。	_	_	_	_	_	_	

#Text=他坐在火车上，上头是夜空，下头是人海茫茫每天的聚散离合。
21-1	611-617	他坐在火车上	_	_	_	_	_	_	
21-1.1	611-612	他	大仓忠义	_	_	_	_	_	
21-2	617-618	，	_	_	_	_	_	_	
21-3	618-623	上头是夜空	_	_	_	_	_	_	
21-4	623-624	，	_	_	_	_	_	_	
21-5	624-638	下头是人海茫茫每天的聚散离合	_	_	_	_	_	_	
21-6	638-639	。	_	_	_	_	_	_	

#Text=浓烟封锁了格兰维尔整座城，像是已经踏入的人生使他望而生畏。
22-1	639-651	浓烟封锁了格兰维尔整座城	_	_	_	_	_	_	
22-2	651-652	，	_	_	_	_	_	_	
22-3	652-667	像是已经踏入的人生使他望而生畏	_	_	_	_	_	_	
22-3.1	662-663	他	大仓忠义	_	_	_	_	_	
22-4	667-668	。	_	_	_	_	_	_	

#Text=／
#Text=“——那，冬天，占全年的一半吧，反正秋天也差不多冷都算进去了，”站在大仓忠义身边的漂亮女孩咬着铅笔在跟他算日子，“简直没过过夏天，咱们这里纬度太高，况且你又是...从哪里来的来着？”
23-1	669-670	／	_	_	_	_	_	_	
23-2	671-672	“	_	_	_	_	_	_	
23-3	672-673	—	_	_	_	_	_	_	
23-4	673-674	—	_	_	_	_	_	_	
23-5	674-675	那	_	_	_	_	_	_	
23-6	675-676	，	_	_	_	_	_	_	
23-7	676-678	冬天	_	_	_	_	_	_	
23-8	678-679	，	_	_	_	_	_	_	
23-9	679-686	占全年的一半吧	_	_	_	_	_	_	
23-10	686-687	，	_	_	_	_	_	_	
23-11	687-701	反正秋天也差不多冷都算进去了	_	_	_	_	_	_	
23-12	701-702	，	_	_	_	_	_	_	
23-13	702-703	”	_	_	_	_	_	_	
23-14	703-726	站在大仓忠义身边的漂亮女孩咬着铅笔在跟他算日子	_	_	_	_	_	_	
23-14.1	703-716	站在大仓忠义身边的漂亮女孩	哈莉特	One-Way	include	*	*	23-19.1	
23-14.2	705-709	大仓忠义	大仓忠义	_	_	_	_	_	
23-14.3	722-723	他	大仓忠义	One-Way	include	*	*	23-19.1	
23-15	726-727	，	_	_	_	_	_	_	
23-16	727-728	“	_	_	_	_	_	_	
23-17	728-735	简直没过过夏天	_	_	_	_	_	_	
23-18	735-736	，	_	_	_	_	_	_	
23-19	736-744	咱们这里纬度太高	_	_	_	_	_	_	
23-19.1	736-738	咱们	大仓忠义和哈莉特	_	_	_	_	_	
23-20	744-745	，	_	_	_	_	_	_	
23-21	745-750	况且你又是	_	_	_	_	_	_	
23-21.1	747-748	你	大仓忠义	_	_	_	_	_	
23-22	750-751	.	_	_	_	_	_	_	
23-23	751-752	.	_	_	_	_	_	_	
23-24	752-753	.	_	_	_	_	_	_	
23-25	753-760	从哪里来的来着	_	_	_	_	_	_	
23-26	760-761	？	_	_	_	_	_	_	
23-27	761-762	”	_	_	_	_	_	_	

#Text=“南部。”
24-1	763-764	“	_	_	_	_	_	_	
24-2	764-766	南部	_	_	_	_	_	_	
24-3	766-767	。	_	_	_	_	_	_	
24-4	767-768	”	_	_	_	_	_	_	

#Text=大仓说。
25-1	768-771	大仓说	_	_	_	_	_	_	
25-1.1	768-770	大仓	大仓忠义	_	_	_	_	_	
25-2	771-772	。	_	_	_	_	_	_	

#Text=“对，就是不知道，南边哪个城市？
26-1	772-773	“	_	_	_	_	_	_	
26-2	773-774	对	_	_	_	_	_	_	
26-3	774-775	，	_	_	_	_	_	_	
26-4	775-780	就是不知道	_	_	_	_	_	_	
26-5	780-781	，	_	_	_	_	_	_	
26-6	781-787	南边哪个城市	_	_	_	_	_	_	
26-7	787-788	？	_	_	_	_	_	_	

#Text=——还是不能讲？”
27-1	788-789	—	_	_	_	_	_	_	
27-2	789-790	—	_	_	_	_	_	_	
27-3	790-795	还是不能讲	_	_	_	_	_	_	
27-4	795-796	？	_	_	_	_	_	_	
27-5	796-797	”	_	_	_	_	_	_	

#Text=女孩儿好奇地仰着脸问他，“我可不信真有那么不可告人？”
28-1	797-808	女孩儿好奇地仰着脸问他	_	_	_	_	_	_	
28-1.1	797-800	女孩儿	哈莉特	_	_	_	_	_	
28-1.2	807-808	他	大仓忠义	_	_	_	_	_	
28-2	808-809	，	_	_	_	_	_	_	
28-3	809-810	“	_	_	_	_	_	_	
28-4	810-822	我可不信真有那么不可告人	_	_	_	_	_	_	
28-4.1	810-811	我	哈莉特	_	_	_	_	_	
28-5	822-823	？	_	_	_	_	_	_	
28-6	823-824	”	_	_	_	_	_	_	

#Text=“……”在她目光的逼视下始终保持沉默无言的神态绝非易事，但大仓做到了，紧闭着嘴唇，稍微有那么点儿为自己感到自豪，这或许得益于他昨天傍晚的那节表演课，他目前最喜欢的一门课，教授花了将近十分钟和学徒讨论上周末本地新上的两场剧、正当红的演员和剧作家。
29-1	825-826	“	_	_	_	_	_	_	
29-2	826-827	…	_	_	_	_	_	_	
29-3	827-828	…	_	_	_	_	_	_	
29-4	828-829	”	_	_	_	_	_	_	
29-5	829-852	在她目光的逼视下始终保持沉默无言的神态绝非易事	_	_	_	_	_	_	
29-5.1	830-831	她	哈莉特	_	_	_	_	_	
29-6	852-853	，	_	_	_	_	_	_	
29-7	853-859	但大仓做到了	_	_	_	_	_	_	
29-7.1	854-856	大仓	大仓忠义	_	_	_	_	_	
29-8	859-860	，	_	_	_	_	_	_	
29-9	860-865	紧闭着嘴唇	_	_	_	_	_	_	
29-10	865-866	，	_	_	_	_	_	_	
29-11	866-880	稍微有那么点儿为自己感到自豪	_	_	_	_	_	_	
29-11.1	874-876	自己	大仓忠义	_	_	_	_	_	
29-12	880-881	，	_	_	_	_	_	_	
29-13	881-898	这或许得益于他昨天傍晚的那节表演课	_	_	_	_	_	_	
29-13.1	887-888	他	大仓忠义	_	_	_	_	_	
29-14	898-899	，	_	_	_	_	_	_	
29-15	899-909	他目前最喜欢的一门课	_	_	_	_	_	_	
29-15.1	899-900	他	大仓忠义	_	_	_	_	_	
29-16	909-910	，	_	_	_	_	_	_	
29-17	910-935	教授花了将近十分钟和学徒讨论上周末本地新上的两场剧	_	_	_	_	_	_	
29-17.1	910-912	教授	表演课教授	_	_	_	_	_	
29-17.2	920-922	学徒	表演课学徒	_	_	_	_	_	
29-18	935-936	、	_	_	_	_	_	_	
29-19	936-946	正当红的演员和剧作家	_	_	_	_	_	_	
29-20	946-947	。	_	_	_	_	_	_	

#Text=时髦而肤浅，有青春就是横行霸道的资格，让大仓联想到自己不久前的生活圈。
30-1	947-952	时髦而肤浅	_	_	_	_	_	_	
30-2	952-953	，	_	_	_	_	_	_	
30-3	953-965	有青春就是横行霸道的资格	_	_	_	_	_	_	
30-4	965-966	，	_	_	_	_	_	_	
30-5	966-981	让大仓联想到自己不久前的生活圈	_	_	_	_	_	_	
30-5.1	967-969	大仓	大仓忠义	_	_	_	_	_	
30-5.2	972-974	自己	大仓忠义	_	_	_	_	_	
30-6	981-982	。	_	_	_	_	_	_	

#Text=美妙亲切无忧无虑，岁月在其中甚至可以停滞。
31-1	982-990	美妙亲切无忧无虑	_	_	_	_	_	_	
31-2	990-991	，	_	_	_	_	_	_	
31-3	991-1002	岁月在其中甚至可以停滞	_	_	_	_	_	_	
31-4	1002-1003	。	_	_	_	_	_	_	

#Text=他可以在游艺场、晚宴或者电影俱乐部的休息间里跟着《桂河大桥》的口哨声跳舞或者唱歌，唱到乱梦颠倒天亮之后又天黑。
32-1	1003-1010	他可以在游艺场	_	_	_	_	_	_	
32-1.1	1003-1004	他	大仓忠义	_	_	_	_	_	
32-2	1010-1011	、	_	_	_	_	_	_	
32-3	1011-1027	晚宴或者电影俱乐部的休息间里跟着	_	_	_	_	_	_	
32-4	1027-1028	《	_	_	_	_	_	_	
32-5	1028-1032	桂河大桥	_	_	_	_	_	_	
32-6	1032-1033	》	_	_	_	_	_	_	
32-7	1033-1043	的口哨声跳舞或者唱歌	_	_	_	_	_	_	
32-8	1043-1044	，	_	_	_	_	_	_	
32-9	1044-1057	唱到乱梦颠倒天亮之后又天黑	_	_	_	_	_	_	
32-10	1057-1058	。	_	_	_	_	_	_	

#Text=女孩儿继续盯着他，大仓冲她露出一个敷衍的微笑，急刹车止住了自己危险的念头。
33-1	1059-1067	女孩儿继续盯着他	_	_	_	_	_	_	
33-1.1	1059-1062	女孩儿	哈莉特	_	_	_	_	_	
33-1.2	1066-1067	他	大仓忠义	_	_	_	_	_	
33-2	1067-1068	，	_	_	_	_	_	_	
33-3	1068-1081	大仓冲她露出一个敷衍的微笑	_	_	_	_	_	_	
33-3.1	1068-1070	大仓	大仓忠义	_	_	_	_	_	
33-3.2	1071-1072	她	哈莉特	_	_	_	_	_	
33-4	1081-1082	，	_	_	_	_	_	_	
33-5	1082-1095	急刹车止住了自己危险的念头	_	_	_	_	_	_	
33-5.1	1088-1090	自己	大仓忠义	_	_	_	_	_	
33-6	1095-1096	。	_	_	_	_	_	_	

#Text=也正是这段日子，像深不见底的漩涡把他的人生进程拖慢了不止一个环节。
34-1	1096-1103	也正是这段日子	_	_	_	_	_	_	
34-2	1103-1104	，	_	_	_	_	_	_	
34-3	1104-1128	像深不见底的漩涡把他的人生进程拖慢了不止一个环节	_	_	_	_	_	_	
34-3.1	1113-1114	他	大仓忠义	_	_	_	_	_	
34-4	1128-1129	。	_	_	_	_	_	_	

#Text=——如果再对过往那些事情产生任何非分之想，他意识到，又把父亲之前的话再在脑海中强制重复一回：那么他就“万事休矣”，永远都是堕落沉沦的失败者——根深蒂固的。
35-1	1129-1130	—	_	_	_	_	_	_	
35-2	1130-1131	—	_	_	_	_	_	_	
35-3	1131-1149	如果再对过往那些事情产生任何非分之想	_	_	_	_	_	_	
35-4	1149-1150	，	_	_	_	_	_	_	
35-5	1150-1154	他意识到	_	_	_	_	_	_	
35-5.1	1150-1151	他	大仓忠义	_	_	_	_	_	
35-6	1154-1155	，	_	_	_	_	_	_	
35-7	1155-1174	又把父亲之前的话再在脑海中强制重复一回	_	_	_	_	_	_	
35-7.1	1157-1159	父亲	大仓忠义的父亲	_	_	_	_	_	
35-8	1174-1175	：	_	_	_	_	_	_	
35-9	1175-1179	那么他就	_	_	_	_	_	_	
35-9.1	1177-1178	他	大仓忠义	_	_	_	_	_	
35-10	1179-1180	“	_	_	_	_	_	_	
35-11	1180-1184	万事休矣	_	_	_	_	_	_	
35-12	1184-1185	”	_	_	_	_	_	_	
35-13	1185-1186	，	_	_	_	_	_	_	
35-14	1186-1198	永远都是堕落沉沦的失败者	_	_	_	_	_	_	
35-15	1198-1199	—	_	_	_	_	_	_	
35-16	1199-1200	—	_	_	_	_	_	_	
35-17	1200-1205	根深蒂固的	_	_	_	_	_	_	
35-18	1205-1206	。	_	_	_	_	_	_	

#Text=“——好在我从来不逼迫谁，忠义先生，”这是刚才大仓给她的称呼。
36-1	1207-1208	“	_	_	_	_	_	_	
36-2	1208-1209	—	_	_	_	_	_	_	
36-3	1209-1210	—	_	_	_	_	_	_	
36-4	1210-1219	好在我从来不逼迫谁	_	_	_	_	_	_	
36-4.1	1212-1213	我	哈莉特	_	_	_	_	_	
36-5	1219-1220	，	_	_	_	_	_	_	
36-6	1220-1224	忠义先生	大仓忠义	_	_	_	_	_	
36-7	1224-1225	，	_	_	_	_	_	_	
36-8	1225-1226	”	_	_	_	_	_	_	
36-9	1226-1237	这是刚才大仓给她的称呼	_	_	_	_	_	_	
36-9.1	1230-1232	大仓	大仓忠义	_	_	_	_	_	
36-9.2	1233-1234	她	哈莉特	_	_	_	_	_	
36-10	1237-1238	。	_	_	_	_	_	_	

#Text=“而且快上课了，但这还是免不了令我怀疑您是个远道而来的——间谍或者类似的别的什么。”
37-1	1238-1239	“	_	_	_	_	_	_	
37-2	1239-1245	而且快上课了	_	_	_	_	_	_	
37-3	1245-1246	，	_	_	_	_	_	_	
37-4	1246-1265	但这还是免不了令我怀疑您是个远道而来的	_	_	_	_	_	_	
37-4.1	1254-1255	我	哈莉特	_	_	_	_	_	
37-4.2	1257-1258	您	大仓忠义	_	_	_	_	_	
37-5	1265-1266	—	_	_	_	_	_	_	
37-6	1266-1267	—	_	_	_	_	_	_	
37-7	1267-1278	间谍或者类似的别的什么	_	_	_	_	_	_	
37-8	1278-1279	。	_	_	_	_	_	_	
37-9	1279-1280	”	_	_	_	_	_	_	

#Text=大仓不认为这话有趣，“哦…您可真会说笑”嘴上却还是这么回应。
38-1	1281-1290	大仓不认为这话有趣	_	_	_	_	_	_	
38-1.1	1281-1283	大仓	大仓忠义	_	_	_	_	_	
38-2	1290-1291	，	_	_	_	_	_	_	
38-3	1291-1292	“	_	_	_	_	_	_	
38-4	1292-1293	哦	_	_	_	_	_	_	
38-5	1293-1294	…	_	_	_	_	_	_	
38-6	1294-1300	您可真会说笑	_	_	_	_	_	_	
38-6.1	1294-1295	您	哈莉特	_	_	_	_	_	
38-7	1300-1301	”	_	_	_	_	_	_	
38-8	1301-1310	嘴上却还是这么回应	_	_	_	_	_	_	
38-9	1310-1311	。	_	_	_	_	_	_	

#Text=他感到可怕的是自己如此熟练的应付女孩的能力。
39-1	1311-1332	他感到可怕的是自己如此熟练的应付女孩的能力	_	_	_	_	_	_	
39-1.1	1311-1312	他	大仓忠义	_	_	_	_	_	
39-1.2	1318-1320	自己	大仓忠义	_	_	_	_	_	
39-1.3	1327-1329	女孩	哈莉特	_	_	_	_	_	
39-2	1332-1333	。	_	_	_	_	_	_	

#Text=不如说是应付各种人。
40-1	1333-1342	不如说是应付各种人	_	_	_	_	_	_	
40-2	1342-1343	。	_	_	_	_	_	_	

#Text=两个人站在湿淋淋的楼道地板上，从刚才到现在走路都踩着水，一脚溅起小小一片，打的地面一路开花。
41-1	1344-1358	两个人站在湿淋淋的楼道地板上	_	_	_	_	_	_	
41-1.1	1344-1347	两个人	大仓忠义和哈莉特	_	_	_	_	_	
41-2	1358-1359	，	_	_	_	_	_	_	
41-3	1359-1371	从刚才到现在走路都踩着水	_	_	_	_	_	_	
41-4	1371-1372	，	_	_	_	_	_	_	
41-5	1372-1380	一脚溅起小小一片	_	_	_	_	_	_	
41-6	1380-1381	，	_	_	_	_	_	_	
41-7	1381-1389	打的地面一路开花	_	_	_	_	_	_	
41-8	1389-1390	。	_	_	_	_	_	_	

#Text=他们都开始笑。
42-1	1390-1396	他们都开始笑	_	_	_	_	_	_	
42-1.1	1390-1392	他们	大仓忠义和哈莉特	_	_	_	_	_	
42-2	1396-1397	。	_	_	_	_	_	_	

#Text=年轻人没有不讨厌格兰维尔的天气的。
43-1	1397-1413	年轻人没有不讨厌格兰维尔的天气的	_	_	_	_	_	_	
43-2	1413-1414	。	_	_	_	_	_	_	

#Text=“哈莉特，”她介绍自己，这是位热情亲切的漂亮姑娘，然而大仓总隐隐感到她身上一些不怎么使人舒服的地方。
44-1	1415-1416	“	_	_	_	_	_	_	
44-2	1416-1419	哈莉特	哈莉特	_	_	_	_	_	
44-3	1419-1420	，	_	_	_	_	_	_	
44-4	1420-1421	”	_	_	_	_	_	_	
44-5	1421-1426	她介绍自己	_	_	_	_	_	_	
44-5.1	1421-1422	她	哈莉特	_	_	_	_	_	
44-5.2	1424-1426	自己	哈莉特	_	_	_	_	_	
44-6	1426-1427	，	_	_	_	_	_	_	
44-7	1427-1439	这是位热情亲切的漂亮姑娘	_	_	_	_	_	_	
44-7.1	1427-1428	这	哈莉特	_	_	_	_	_	
44-7.2	1435-1439	漂亮姑娘	哈莉特	_	_	_	_	_	
44-8	1439-1440	，	_	_	_	_	_	_	
44-9	1440-1464	然而大仓总隐隐感到她身上一些不怎么使人舒服的地方	_	_	_	_	_	_	
44-9.1	1442-1444	大仓	大仓忠义	_	_	_	_	_	
44-9.2	1449-1450	她	哈莉特	_	_	_	_	_	
44-10	1464-1465	。	_	_	_	_	_	_	

#Text=他说不清楚，也许是错觉。
45-1	1465-1470	他说不清楚	_	_	_	_	_	_	
45-1.1	1465-1466	他	大仓忠义	_	_	_	_	_	
45-2	1470-1471	，	_	_	_	_	_	_	
45-3	1471-1476	也许是错觉	_	_	_	_	_	_	
45-4	1476-1477	。	_	_	_	_	_	_	

#Text=“为了公平——您向我避谈您的姓氏，那么我自己的也没有理由让您知道，不是吗。”
46-1	1477-1478	“	_	_	_	_	_	_	
46-2	1478-1482	为了公平	_	_	_	_	_	_	
46-3	1482-1483	—	_	_	_	_	_	_	
46-4	1483-1484	—	_	_	_	_	_	_	
46-5	1484-1493	您向我避谈您的姓氏	_	_	_	_	_	_	
46-5.1	1484-1485	您	大仓忠义	_	_	_	_	_	
46-5.2	1486-1487	我	哈莉特	_	_	_	_	_	
46-5.3	1489-1490	您	大仓忠义	_	_	_	_	_	
46-6	1493-1494	，	_	_	_	_	_	_	
46-7	1494-1509	那么我自己的也没有理由让您知道	_	_	_	_	_	_	
46-7.1	1496-1499	我自己	哈莉特	_	_	_	_	_	
46-7.2	1506-1507	您	大仓忠义	_	_	_	_	_	
46-8	1509-1510	，	_	_	_	_	_	_	
46-9	1510-1513	不是吗	_	_	_	_	_	_	
46-10	1513-1514	。	_	_	_	_	_	_	
46-11	1514-1515	”	_	_	_	_	_	_	

#Text=他们走进教室。
47-1	1516-1522	他们走进教室	_	_	_	_	_	_	
47-1.1	1516-1518	他们	大仓忠义和哈莉特	_	_	_	_	_	
47-2	1522-1523	。	_	_	_	_	_	_	

#Text=雨后的城市雾色朦胧；学院周围是交通要线，刚通的铁路和在修工厂每天尽心倾力排烟排水排污排废气，生怕填不满中央供暖政策给他们留出的空缺。
48-1	1523-1532	雨后的城市雾色朦胧	_	_	_	_	_	_	
48-2	1532-1533	；	_	_	_	_	_	_	
48-3	1533-1542	学院周围是交通要线	_	_	_	_	_	_	
48-4	1542-1543	，	_	_	_	_	_	_	
48-5	1543-1568	刚通的铁路和在修工厂每天尽心倾力排烟排水排污排废气	_	_	_	_	_	_	
48-6	1568-1569	，	_	_	_	_	_	_	
48-7	1569-1588	生怕填不满中央供暖政策给他们留出的空缺	_	_	_	_	_	_	
48-8	1588-1589	。	_	_	_	_	_	_	

#Text=大仓捂嘴咳嗽几声，回想起曾经满城飘霾的噩梦。
49-1	1589-1597	大仓捂嘴咳嗽几声	_	_	_	_	_	_	
49-1.1	1589-1591	大仓	大仓忠义	_	_	_	_	_	
49-2	1597-1598	，	_	_	_	_	_	_	
49-3	1598-1610	回想起曾经满城飘霾的噩梦	_	_	_	_	_	_	
49-4	1610-1611	。	_	_	_	_	_	_	

#Text=来得太早还没通电，整个房间黑竣竣的。
50-1	1612-1620	来得太早还没通电	_	_	_	_	_	_	
50-2	1620-1621	，	_	_	_	_	_	_	
50-3	1621-1629	整个房间黑竣竣的	_	_	_	_	_	_	
50-4	1629-1630	。	_	_	_	_	_	_	

#Text=从窗户的夹缝间零零散散往里泄露一点天光，投向黑板上的一排字迹——“三时十五分 英语语言 锦户亮”。
51-1	1630-1649	从窗户的夹缝间零零散散往里泄露一点天光	_	_	_	_	_	_	
51-2	1649-1650	，	_	_	_	_	_	_	
51-3	1650-1660	投向黑板上的一排字迹	_	_	_	_	_	_	
51-4	1660-1661	—	_	_	_	_	_	_	
51-5	1661-1662	—	_	_	_	_	_	_	
51-6	1662-1663	“	_	_	_	_	_	_	
51-7	1663-1668	三时十五分	_	_	_	_	_	_	
51-8	1669-1673	英语语言	_	_	_	_	_	_	
51-9	1674-1677	锦户亮	锦户亮	_	_	_	_	_	
51-10	1677-1678	”	_	_	_	_	_	_	
51-11	1678-1679	。	_	_	_	_	_	_	

#Text=这行字的字体写的十分秀气，称得上娟丽。
52-1	1680-1692	这行字的字体写的十分秀气	_	_	_	_	_	_	
52-2	1692-1693	，	_	_	_	_	_	_	
52-3	1693-1698	称得上娟丽	_	_	_	_	_	_	
52-4	1698-1699	。	_	_	_	_	_	_	

#Text=只是教授来自异国的署名让人格外在意一些。
53-1	1699-1718	只是教授来自异国的署名让人格外在意一些	_	_	_	_	_	_	
53-1.1	1701-1703	教授	锦户亮	_	_	_	_	_	
53-2	1718-1719	。	_	_	_	_	_	_	

#Text=哈莉特坐在他右侧的位置上懒洋洋地：“东洋人。
54-1	1719-1735	哈莉特坐在他右侧的位置上懒洋洋地	_	_	_	_	_	_	
54-1.1	1719-1722	哈莉特	哈莉特	_	_	_	_	_	
54-1.2	1724-1725	他	大仓忠义	_	_	_	_	_	
54-2	1735-1736	：	_	_	_	_	_	_	
54-3	1736-1737	“	_	_	_	_	_	_	
54-4	1737-1740	东洋人	锦户	_	_	_	_	_	
54-5	1740-1741	。	_	_	_	_	_	_	

#Text=是吧？
55-1	1741-1743	是吧	_	_	_	_	_	_	
55-2	1743-1744	？	_	_	_	_	_	_	

#Text=感到奇怪？”
56-1	1744-1748	感到奇怪	_	_	_	_	_	_	
56-2	1748-1749	？	_	_	_	_	_	_	
56-3	1749-1750	”	_	_	_	_	_	_	

#Text=“可他教的是英文，”大仓不免困惑。
57-1	1751-1752	“	_	_	_	_	_	_	
57-2	1752-1759	可他教的是英文	_	_	_	_	_	_	
57-2.1	1753-1754	他	锦户亮	_	_	_	_	_	
57-3	1759-1760	，	_	_	_	_	_	_	
57-4	1760-1761	”	_	_	_	_	_	_	
57-5	1761-1767	大仓不免困惑	_	_	_	_	_	_	
57-5.1	1761-1763	大仓	大仓忠义	_	_	_	_	_	
57-6	1767-1768	。	_	_	_	_	_	_	

#Text=他其实挺害怕他乡遇故知，由于一些历史原因，他不想再在这里遇见一个这样和他血统有重合的人，一方面提醒着他自身人种的卑下地位，一方面唤起许多该死的微妙回忆。
58-1	1768-1779	他其实挺害怕他乡遇故知	_	_	_	_	_	_	
58-1.1	1768-1769	他	大仓忠义	_	_	_	_	_	
58-2	1779-1780	，	_	_	_	_	_	_	
58-3	1780-1788	由于一些历史原因	_	_	_	_	_	_	
58-4	1788-1789	，	_	_	_	_	_	_	
58-5	1789-1811	他不想再在这里遇见一个这样和他血统有重合的人	_	_	_	_	_	_	
58-5.1	1789-1790	他	大仓忠义	_	_	_	_	_	
58-5.2	1803-1804	他	大仓忠义	_	_	_	_	_	
58-6	1811-1812	，	_	_	_	_	_	_	
58-7	1812-1828	一方面提醒着他自身人种的卑下地位	_	_	_	_	_	_	
58-7.1	1818-1819	他	大仓忠义	_	_	_	_	_	
58-8	1828-1829	，	_	_	_	_	_	_	
58-9	1829-1843	一方面唤起许多该死的微妙回忆	_	_	_	_	_	_	
58-10	1843-1844	。	_	_	_	_	_	_	

#Text=必修课教授，一口好英文，来自他的故乡——他拼凑着这些元素，又开始进行那种古怪的联想。
59-1	1844-1849	必修课教授	_	_	_	_	_	_	
59-1.1	1847-1849	教授	锦户亮	_	_	_	_	_	
59-2	1849-1850	，	_	_	_	_	_	_	
59-3	1850-1855	一口好英文	_	_	_	_	_	_	
59-4	1855-1856	，	_	_	_	_	_	_	
59-5	1856-1862	来自他的故乡	_	_	_	_	_	_	
59-5.1	1858-1859	他	大仓忠义	_	_	_	_	_	
59-6	1862-1863	—	_	_	_	_	_	_	
59-7	1863-1864	—	_	_	_	_	_	_	
59-8	1864-1872	他拼凑着这些元素	_	_	_	_	_	_	
59-8.1	1864-1865	他	大仓忠义	_	_	_	_	_	
59-9	1872-1873	，	_	_	_	_	_	_	
59-10	1873-1885	又开始进行那种古怪的联想	_	_	_	_	_	_	
59-11	1885-1886	。	_	_	_	_	_	_	

#Text=“锦户先生是什么人嘛……”哈莉特端坐在那儿支起手，静静的、微笑的脸庞，使大仓感到蒙娜丽莎式的恐怖，“很快的。
60-1	1887-1888	“	_	_	_	_	_	_	
60-2	1888-1897	锦户先生是什么人嘛	_	_	_	_	_	_	
60-2.1	1888-1892	锦户先生	锦户亮	_	_	_	_	_	
60-3	1897-1898	…	_	_	_	_	_	_	
60-4	1898-1899	…	_	_	_	_	_	_	
60-5	1899-1900	”	_	_	_	_	_	_	
60-6	1900-1911	哈莉特端坐在那儿支起手	_	_	_	_	_	_	
60-6.1	1900-1903	哈莉特	哈莉特	_	_	_	_	_	
60-7	1911-1912	，	_	_	_	_	_	_	
60-8	1912-1915	静静的	_	_	_	_	_	_	
60-9	1915-1916	、	_	_	_	_	_	_	
60-10	1916-1921	微笑的脸庞	_	_	_	_	_	_	
60-11	1921-1922	，	_	_	_	_	_	_	
60-12	1922-1935	使大仓感到蒙娜丽莎式的恐怖	_	_	_	_	_	_	
60-12.1	1923-1925	大仓	大仓忠义	_	_	_	_	_	
60-13	1935-1936	，	_	_	_	_	_	_	
60-14	1936-1937	“	_	_	_	_	_	_	
60-15	1937-1940	很快的	_	_	_	_	_	_	
60-16	1940-1941	。	_	_	_	_	_	_	

#Text=您见到他就会知道。”
61-1	1941-1949	您见到他就会知道	_	_	_	_	_	_	
61-1.1	1941-1942	您	大仓忠义	_	_	_	_	_	
61-1.2	1944-1945	他	锦户亮	_	_	_	_	_	
61-2	1949-1950	。	_	_	_	_	_	_	
61-3	1950-1951	”	_	_	_	_	_	_	

#Text=大仓后来觉得哈莉特是个女先知类的人物。
62-1	1952-1970	大仓后来觉得哈莉特是个女先知类的人物	_	_	_	_	_	_	
62-1.1	1952-1954	大仓	大仓忠义	_	_	_	_	_	
62-1.2	1958-1961	哈莉特	哈莉特	_	_	_	_	_	
62-1.3	1963-1970	女先知类的人物	哈莉特	_	_	_	_	_	
62-2	1970-1971	。	_	_	_	_	_	_	

#Text=世上确实会有非常多的巧合，他试图宽慰自己，可这次的巧合让他身心俱疲。
63-1	1971-1983	世上确实会有非常多的巧合	_	_	_	_	_	_	
63-2	1983-1984	，	_	_	_	_	_	_	
63-3	1984-1991	他试图宽慰自己	_	_	_	_	_	_	
63-3.1	1984-1985	他	大仓忠义	_	_	_	_	_	
63-3.2	1989-1991	自己	大仓忠义	_	_	_	_	_	
63-4	1991-1992	，	_	_	_	_	_	_	
63-5	1992-2004	可这次的巧合让他身心俱疲	_	_	_	_	_	_	
63-5.1	1999-2000	他	大仓忠义	_	_	_	_	_	
63-6	2004-2005	。	_	_	_	_	_	_	

#Text=“您刚才说您见过他？”
64-1	2006-2007	“	_	_	_	_	_	_	
64-2	2007-2015	您刚才说您见过他	_	_	_	_	_	_	
64-2.1	2007-2008	您	大仓忠义	_	_	_	_	_	
64-2.2	2011-2012	您	大仓忠义	_	_	_	_	_	
64-2.3	2014-2015	他	锦户亮	_	_	_	_	_	
64-3	2015-2016	？	_	_	_	_	_	_	
64-4	2016-2017	”	_	_	_	_	_	_	

#Text=哈莉特现出震惊的表情。
65-1	2017-2027	哈莉特现出震惊的表情	_	_	_	_	_	_	
65-1.1	2017-2020	哈莉特	哈莉特	_	_	_	_	_	
65-2	2027-2028	。	_	_	_	_	_	_	

#Text=讲台后方走上来的是个身材简直纤细得有点过分的男人。
66-1	2029-2053	讲台后方走上来的是个身材简直纤细得有点过分的男人	_	_	_	_	_	_	
66-1.1	2051-2053	男人	锦户亮	_	_	_	_	_	
66-2	2053-2054	。	_	_	_	_	_	_	

#Text=惹眼的乌黑发丝栖息在空气里，飘飘然大概存有弹性的留痕。
67-1	2054-2067	惹眼的乌黑发丝栖息在空气里	_	_	_	_	_	_	
67-2	2067-2068	，	_	_	_	_	_	_	
67-3	2068-2080	飘飘然大概存有弹性的留痕	_	_	_	_	_	_	
67-4	2080-2081	。	_	_	_	_	_	_	

#Text=那张标志得富有欺骗性的脸让大仓忠义差点从椅子上掉下去。
68-1	2082-2108	那张标志得富有欺骗性的脸让大仓忠义差点从椅子上掉下去	_	_	_	_	_	_	
68-1.1	2095-2099	大仓忠义	大仓忠义	_	_	_	_	_	
68-2	2108-2109	。	_	_	_	_	_	_	

#Text=父亲对他的告诫是“把一切使你上瘾的东西全部清理出大脑和生活”，他痛改前疏，扔衣服剪头发换电话号码，甚至凭一己之力（对一名娇生惯养的年轻人来说这值得褒奖）成功卖出旧房搬进新的地址，快刀斩乱麻切断了混乱的人际关系——大仓忠义梦寐以求的新生活这才开始了几天不到。
69-1	2110-2118	父亲对他的告诫是	_	_	_	_	_	_	
69-1.1	2110-2112	父亲	大仓忠义的父亲	One-Way	include	*	*	82-3.1	
69-1.2	2113-2114	他	大仓忠义	_	_	_	_	_	
69-2	2118-2119	“	_	_	_	_	_	_	
69-3	2119-2139	把一切使你上瘾的东西全部清理出大脑和生活	_	_	_	_	_	_	
69-3.1	2123-2124	你	大仓忠义	_	_	_	_	_	
69-4	2139-2140	”	_	_	_	_	_	_	
69-5	2140-2141	，	_	_	_	_	_	_	
69-6	2141-2146	他痛改前疏	_	_	_	_	_	_	
69-6.1	2141-2142	他	大仓忠义	_	_	_	_	_	
69-7	2146-2147	，	_	_	_	_	_	_	
69-8	2147-2158	扔衣服剪头发换电话号码	_	_	_	_	_	_	
69-9	2158-2159	，	_	_	_	_	_	_	
69-10	2159-2166	甚至凭一己之力	_	_	_	_	_	_	
69-11	2166-2167	（	_	_	_	_	_	_	
69-12	2167-2185	对一名娇生惯养的年轻人来说这值得褒奖	_	_	_	_	_	_	
69-12.1	2168-2178	一名娇生惯养的年轻人	大仓忠义	_	_	_	_	_	
69-13	2185-2186	）	_	_	_	_	_	_	
69-14	2186-2198	成功卖出旧房搬进新的地址	_	_	_	_	_	_	
69-15	2198-2199	，	_	_	_	_	_	_	
69-16	2199-2214	快刀斩乱麻切断了混乱的人际关系	_	_	_	_	_	_	
69-17	2214-2215	—	_	_	_	_	_	_	
69-18	2215-2216	—	_	_	_	_	_	_	
69-19	2216-2237	大仓忠义梦寐以求的新生活这才开始了几天不到	_	_	_	_	_	_	
69-19.1	2216-2220	大仓忠义	大仓忠义	_	_	_	_	_	
69-20	2237-2238	。	_	_	_	_	_	_	

#Text=锦户亮——大仓忠义绝望地把这个名字和这张脸重合起来——此时正低着头翻开一本没有封面的小册子，上面大概登记着学生的名字，他戴着眼镜，尽管看上去度数并不高。
70-1	2239-2242	锦户亮	锦户亮	_	_	_	_	_	
70-2	2242-2243	—	_	_	_	_	_	_	
70-3	2243-2244	—	_	_	_	_	_	_	
70-4	2244-2264	大仓忠义绝望地把这个名字和这张脸重合起来	_	_	_	_	_	_	
70-4.1	2244-2248	大仓忠义	大仓忠义	_	_	_	_	_	
70-5	2264-2265	—	_	_	_	_	_	_	
70-6	2265-2266	—	_	_	_	_	_	_	
70-7	2266-2284	此时正低着头翻开一本没有封面的小册子	_	_	_	_	_	_	
70-8	2284-2285	，	_	_	_	_	_	_	
70-9	2285-2297	上面大概登记着学生的名字	_	_	_	_	_	_	
70-10	2297-2298	，	_	_	_	_	_	_	
70-11	2298-2303	他戴着眼镜	_	_	_	_	_	_	
70-11.1	2298-2299	他	锦户亮	_	_	_	_	_	
70-12	2303-2304	，	_	_	_	_	_	_	
70-13	2304-2314	尽管看上去度数并不高	_	_	_	_	_	_	
70-14	2314-2315	。	_	_	_	_	_	_	

#Text=这大概将是他人生中最难以度过的一瞬间。
71-1	2316-2334	这大概将是他人生中最难以度过的一瞬间	_	_	_	_	_	_	
71-1.1	2321-2322	他	大仓忠义	_	_	_	_	_	
71-2	2334-2335	。	_	_	_	_	_	_	

#Text=哈莉特在一旁忧心地询问：“您怎么了......脸色这样差？”
72-1	2336-2347	哈莉特在一旁忧心地询问	_	_	_	_	_	_	
72-1.1	2336-2339	哈莉特	哈莉特	_	_	_	_	_	
72-2	2347-2348	：	_	_	_	_	_	_	
72-3	2348-2349	“	_	_	_	_	_	_	
72-4	2349-2353	您怎么了	_	_	_	_	_	_	
72-4.1	2349-2350	您	大仓忠义	_	_	_	_	_	
72-5	2353-2354	.	_	_	_	_	_	_	
72-6	2354-2355	.	_	_	_	_	_	_	
72-7	2355-2356	.	_	_	_	_	_	_	
72-8	2356-2357	.	_	_	_	_	_	_	
72-9	2357-2358	.	_	_	_	_	_	_	
72-10	2358-2359	.	_	_	_	_	_	_	
72-11	2359-2364	脸色这样差	_	_	_	_	_	_	
72-12	2364-2365	？	_	_	_	_	_	_	
72-13	2365-2366	”	_	_	_	_	_	_	

#Text=大仓不予回答。
73-1	2366-2372	大仓不予回答	_	_	_	_	_	_	
73-1.1	2366-2368	大仓	大仓忠义	_	_	_	_	_	
73-2	2372-2373	。	_	_	_	_	_	_	

#Text=他和锦户亮上过床——总不能直接这样告诉她。
74-1	2374-2382	他和锦户亮上过床	_	_	_	_	_	_	
74-1.1	2374-2375	他	大仓忠义	_	_	_	_	_	
74-1.2	2376-2379	锦户亮	锦户亮	_	_	_	_	_	
74-2	2382-2383	—	_	_	_	_	_	_	
74-3	2383-2384	—	_	_	_	_	_	_	
74-4	2384-2394	总不能直接这样告诉她	_	_	_	_	_	_	
74-4.1	2393-2394	她	哈莉特	_	_	_	_	_	
74-5	2394-2395	。	_	_	_	_	_	_	

#Text=／
#Text=欧洲社交季节最疯狂的半个月里，大仓忠义对自己在做些什么根本没意识。
75-1	2396-2397	／	_	_	_	_	_	_	
75-2	2398-2412	欧洲社交季节最疯狂的半个月里	_	_	_	_	_	_	
75-3	2412-2413	，	_	_	_	_	_	_	
75-4	2413-2430	大仓忠义对自己在做些什么根本没意识	_	_	_	_	_	_	
75-4.1	2413-2417	大仓忠义	大仓忠义	_	_	_	_	_	
75-4.2	2418-2420	自己	大仓忠义	_	_	_	_	_	
75-5	2430-2431	。	_	_	_	_	_	_	

#Text=这座城市春夏之际难得温暖起来的气候让男女老少都进入了一年中最渴求刺激与快乐的珍贵时期。
76-1	2431-2473	这座城市春夏之际难得温暖起来的气候让男女老少都进入了一年中最渴求刺激与快乐的珍贵时期	_	_	_	_	_	_	
76-2	2473-2474	。	_	_	_	_	_	_	

#Text=而刚结束青春期的大仓，所蠢蠢欲动的东西是荷尔蒙。
77-1	2474-2484	而刚结束青春期的大仓	_	_	_	_	_	_	
77-1.1	2482-2484	大仓	大仓忠义	_	_	_	_	_	
77-2	2484-2485	，	_	_	_	_	_	_	
77-3	2485-2497	所蠢蠢欲动的东西是荷尔蒙	_	_	_	_	_	_	
77-4	2497-2498	。	_	_	_	_	_	_	

#Text=他以优越的成绩考进本地一所大学，填写资料时偷偷改了名字，用父亲的英文姓氏。
78-1	2499-2514	他以优越的成绩考进本地一所大学	_	_	_	_	_	_	
78-1.1	2499-2500	他	大仓忠义	_	_	_	_	_	
78-2	2514-2515	，	_	_	_	_	_	_	
78-3	2515-2526	填写资料时偷偷改了名字	_	_	_	_	_	_	
78-4	2526-2527	，	_	_	_	_	_	_	
78-5	2527-2535	用父亲的英文姓氏	_	_	_	_	_	_	
78-5.1	2528-2530	父亲	大仓忠义的父亲	_	_	_	_	_	
78-6	2535-2536	。	_	_	_	_	_	_	

#Text=这所学校，格兰维尔，骄傲且高贵地直接取用了市名；以自由的言论环境和观点新潮的学者云集著称，主要是自然科学；大仓忠义的科目并不处于学术研究的尖端，但他已经足够满意了。
79-1	2536-2540	这所学校	_	_	_	_	_	_	
79-2	2540-2541	，	_	_	_	_	_	_	
79-3	2541-2545	格兰维尔	_	_	_	_	_	_	
79-4	2545-2546	，	_	_	_	_	_	_	
79-5	2546-2559	骄傲且高贵地直接取用了市名	_	_	_	_	_	_	
79-6	2559-2560	；	_	_	_	_	_	_	
79-7	2560-2580	以自由的言论环境和观点新潮的学者云集著称	_	_	_	_	_	_	
79-8	2580-2581	，	_	_	_	_	_	_	
79-9	2581-2588	主要是自然科学	_	_	_	_	_	_	
79-10	2588-2589	；	_	_	_	_	_	_	
79-11	2589-2607	大仓忠义的科目并不处于学术研究的尖端	_	_	_	_	_	_	
79-11.1	2589-2593	大仓忠义	大仓忠义	_	_	_	_	_	
79-12	2607-2608	，	_	_	_	_	_	_	
79-13	2608-2617	但他已经足够满意了	_	_	_	_	_	_	
79-13.1	2609-2610	他	大仓忠义	_	_	_	_	_	
79-14	2617-2618	。	_	_	_	_	_	_	

#Text=幸运的是校方毫不怀疑地通过了他的资料。
80-1	2618-2636	幸运的是校方毫不怀疑地通过了他的资料	_	_	_	_	_	_	
80-1.1	2632-2633	他	大仓忠义	_	_	_	_	_	
80-2	2636-2637	。	_	_	_	_	_	_	

#Text=出门前大仓和父母吵了一架，出来上学就有点变质成了闹独立的意思。
81-1	2638-2650	出门前大仓和父母吵了一架	_	_	_	_	_	_	
81-1.1	2641-2643	大仓	大仓忠义	_	_	_	_	_	
81-1.2	2644-2646	父母	大仓忠义的父亲和母亲	_	_	_	_	_	
81-2	2650-2651	，	_	_	_	_	_	_	
81-3	2651-2668	出来上学就有点变质成了闹独立的意思	_	_	_	_	_	_	
81-4	2668-2669	。	_	_	_	_	_	_	

#Text=很长的一段时间里，父母确实不曾和他联系，经济支持却从没断过。
82-1	2669-2677	很长的一段时间里	_	_	_	_	_	_	
82-2	2677-2678	，	_	_	_	_	_	_	
82-3	2678-2688	父母确实不曾和他联系	_	_	_	_	_	_	
82-3.1	2678-2680	父母	大仓忠义的父亲和母亲	_	_	_	_	_	
82-3.2	2685-2686	他	大仓忠义	_	_	_	_	_	
82-4	2688-2689	，	_	_	_	_	_	_	
82-5	2689-2698	经济支持却从没断过	_	_	_	_	_	_	
82-6	2698-2699	。	_	_	_	_	_	_	

#Text=这段时间大仓忠义一点书也没读。
83-1	2700-2714	这段时间大仓忠义一点书也没读	_	_	_	_	_	_	
83-1.1	2704-2708	大仓忠义	大仓忠义	_	_	_	_	_	
83-2	2714-2715	。	_	_	_	_	_	_	

#Text=课本都积了灰，他平均三天换一个女人，甚至男人。
84-1	2715-2721	课本都积了灰	_	_	_	_	_	_	
84-2	2721-2722	，	_	_	_	_	_	_	
84-3	2722-2732	他平均三天换一个女人	_	_	_	_	_	_	
84-3.1	2722-2723	他	大仓忠义	_	_	_	_	_	
84-4	2732-2733	，	_	_	_	_	_	_	
84-5	2733-2737	甚至男人	_	_	_	_	_	_	
84-6	2737-2738	。	_	_	_	_	_	_	

#Text=当然做梦也想不到有一天他爸会悄无声息地出现在他别墅门口。
85-1	2739-2766	当然做梦也想不到有一天他爸会悄无声息地出现在他别墅门口	_	_	_	_	_	_	
85-1.1	2750-2752	他爸	大仓忠义的父亲	_	_	_	_	_	
85-1.2	2750-2751	他	大仓忠义	_	_	_	_	_	
85-1.3	2761-2762	他	大仓忠义	_	_	_	_	_	
85-2	2766-2767	。	_	_	_	_	_	_	

#Text=他觉得死到临头，理智上还把一个女孩从房间里求着赶紧偷渡出去。
86-1	2767-2774	他觉得死到临头	_	_	_	_	_	_	
86-1.1	2767-2768	他	大仓忠义	_	_	_	_	_	
86-2	2774-2775	，	_	_	_	_	_	_	
86-3	2775-2796	理智上还把一个女孩从房间里求着赶紧偷渡出去	_	_	_	_	_	_	
86-3.1	2780-2784	一个女孩	和大仓忠义发生性爱关系的一个女孩	_	_	_	_	_	
86-4	2796-2797	。	_	_	_	_	_	_	

#Text=那女孩都快哭了，骂他不学无术仗着有钱坐吃山空，大仓忠义气得要死一边把她送出家门一边和她对骂。
87-1	2797-2804	那女孩都快哭了	_	_	_	_	_	_	
87-1.1	2797-2800	那女孩	和大仓忠义发生性爱关系的一个女孩	_	_	_	_	_	
87-2	2804-2805	，	_	_	_	_	_	_	
87-3	2805-2819	骂他不学无术仗着有钱坐吃山空	_	_	_	_	_	_	
87-3.1	2806-2807	他	大仓忠义	_	_	_	_	_	
87-4	2819-2820	，	_	_	_	_	_	_	
87-5	2820-2842	大仓忠义气得要死一边把她送出家门一边和她对骂	_	_	_	_	_	_	
87-5.1	2820-2824	大仓忠义	大仓忠义	_	_	_	_	_	
87-5.2	2831-2832	她	和大仓忠义发生性爱关系的一个女孩	_	_	_	_	_	
87-5.3	2839-2840	她	和大仓忠义发生性爱关系的一个女孩	_	_	_	_	_	
87-6	2842-2843	。	_	_	_	_	_	_	

#Text=可是至今也不记得她的名字。
88-1	2843-2855	可是至今也不记得她的名字	_	_	_	_	_	_	
88-1.1	2851-2852	她	和大仓忠义发生性爱关系的一个女孩	_	_	_	_	_	
88-2	2855-2856	。	_	_	_	_	_	_	

#Text=大仓忠义记得他唯一一次主动询问床伴的姓名就是对锦户亮。
89-1	2857-2883	大仓忠义记得他唯一一次主动询问床伴的姓名就是对锦户亮	_	_	_	_	_	_	
89-1.1	2857-2861	大仓忠义	大仓忠义	_	_	_	_	_	
89-1.2	2863-2864	他	大仓忠义	_	_	_	_	_	
89-1.3	2880-2883	锦户亮	锦户亮	_	_	_	_	_	
89-2	2883-2884	。	_	_	_	_	_	_	

#Text=某家位置偏僻的小酒馆，虽然好歹也算是在市区，店面上一点暗示性的装饰或者符号什么的一概没有。
90-1	2885-2895	某家位置偏僻的小酒馆	_	_	_	_	_	_	
90-2	2895-2896	，	_	_	_	_	_	_	
90-3	2896-2906	虽然好歹也算是在市区	_	_	_	_	_	_	
90-4	2906-2907	，	_	_	_	_	_	_	
90-5	2907-2929	店面上一点暗示性的装饰或者符号什么的一概没有	_	_	_	_	_	_	
90-6	2929-2930	。	_	_	_	_	_	_	

#Text=进门的男性都心照不宣装得老正派似的，犄角旮旯里这类人群才敢显露獠牙。
91-1	2930-2947	进门的男性都心照不宣装得老正派似的	_	_	_	_	_	_	
91-2	2947-2948	，	_	_	_	_	_	_	
91-3	2948-2963	犄角旮旯里这类人群才敢显露獠牙	_	_	_	_	_	_	
91-4	2963-2964	。	_	_	_	_	_	_	

#Text=大仓在这种场合从来不缺关注，慢悠悠斟上酒，熟练地对走上前来的某些人做出拒绝的手势。
92-1	2964-2977	大仓在这种场合从来不缺关注	_	_	_	_	_	_	
92-1.1	2964-2966	大仓	大仓忠义	_	_	_	_	_	
92-2	2977-2978	，	_	_	_	_	_	_	
92-3	2978-2984	慢悠悠斟上酒	_	_	_	_	_	_	
92-4	2984-2985	，	_	_	_	_	_	_	
92-5	2985-3004	熟练地对走上前来的某些人做出拒绝的手势	_	_	_	_	_	_	
92-6	3004-3005	。	_	_	_	_	_	_	

#Text=他学到的“起承转合”：真正引起兴趣的重头戏总要做足铺垫，他有“不入虎穴焉得虎子”一类牺牲的觉悟。
93-1	3005-3009	他学到的	_	_	_	_	_	_	
93-1.1	3005-3006	他	大仓忠义	_	_	_	_	_	
93-2	3009-3010	“	_	_	_	_	_	_	
93-3	3010-3014	起承转合	_	_	_	_	_	_	
93-4	3014-3015	”	_	_	_	_	_	_	
93-5	3015-3016	：	_	_	_	_	_	_	
93-6	3016-3032	真正引起兴趣的重头戏总要做足铺垫	_	_	_	_	_	_	
93-7	3032-3033	，	_	_	_	_	_	_	
93-8	3033-3035	他有	_	_	_	_	_	_	
93-8.1	3033-3034	他	大仓忠义	_	_	_	_	_	
93-9	3035-3036	“	_	_	_	_	_	_	
93-10	3036-3044	不入虎穴焉得虎子	_	_	_	_	_	_	
93-11	3044-3045	”	_	_	_	_	_	_	
93-12	3045-3052	一类牺牲的觉悟	_	_	_	_	_	_	
93-13	3052-3053	。	_	_	_	_	_	_	

#Text=好在牺牲确实给他换来不错的回报。
94-1	3054-3069	好在牺牲确实给他换来不错的回报	_	_	_	_	_	_	
94-1.1	3061-3062	他	大仓忠义	_	_	_	_	_	
94-2	3069-3070	。	_	_	_	_	_	_	

#Text=那是个东洋人——大仓的视觉细胞像给那头浓密的黑发猛然刺激了一下，几乎这才清醒过来。
95-1	3071-3077	那是个东洋人	_	_	_	_	_	_	
95-1.1	3071-3072	那	锦户亮	_	_	_	_	_	
95-1.2	3074-3077	东洋人	锦户亮	_	_	_	_	_	
95-2	3077-3078	—	_	_	_	_	_	_	
95-3	3078-3079	—	_	_	_	_	_	_	
95-4	3079-3102	大仓的视觉细胞像给那头浓密的黑发猛然刺激了一下	_	_	_	_	_	_	
95-4.1	3079-3081	大仓	大仓忠义	_	_	_	_	_	
95-5	3102-3103	，	_	_	_	_	_	_	
95-6	3103-3111	几乎这才清醒过来	_	_	_	_	_	_	
95-7	3111-3112	。	_	_	_	_	_	_	

#Text=那男人向小服务生整整要了一打，摆了一桌在那喝。
96-1	3113-3127	那男人向小服务生整整要了一打	_	_	_	_	_	_	
96-1.1	3113-3116	那男人	锦户亮	_	_	_	_	_	
96-1.2	3117-3121	小服务生	小服务生	_	_	_	_	_	
96-2	3127-3128	，	_	_	_	_	_	_	
96-3	3128-3135	摆了一桌在那喝	_	_	_	_	_	_	
96-4	3135-3136	。	_	_	_	_	_	_	

#Text=阵势有些恐怖。
97-1	3136-3142	阵势有些恐怖	_	_	_	_	_	_	
97-2	3142-3143	。	_	_	_	_	_	_	

#Text=大仓血统里亚洲成分占了一半，不同的是基因赠送给他的礼物是金发和琥珀色的虹膜。
98-1	3144-3157	大仓血统里亚洲成分占了一半	_	_	_	_	_	_	
98-1.1	3144-3146	大仓	大仓忠义	_	_	_	_	_	
98-2	3157-3158	，	_	_	_	_	_	_	
98-3	3158-3181	不同的是基因赠送给他的礼物是金发和琥珀色的虹膜	_	_	_	_	_	_	
98-3.1	3167-3168	他	大仓忠义	_	_	_	_	_	
98-4	3181-3182	。	_	_	_	_	_	_	

#Text=——上帝，一念之差，他想，不禁对这个失意地伏在桌面上、一杯杯自暴自弃似的往自己胃里灌酒的男人产生一丝额外的同情和垂怜。
99-1	3182-3183	—	_	_	_	_	_	_	
99-2	3183-3184	—	_	_	_	_	_	_	
99-3	3184-3186	上帝	_	_	_	_	_	_	
99-4	3186-3187	，	_	_	_	_	_	_	
99-5	3187-3191	一念之差	_	_	_	_	_	_	
99-6	3191-3192	，	_	_	_	_	_	_	
99-7	3192-3194	他想	_	_	_	_	_	_	
99-7.1	3192-3193	他	大仓忠义	_	_	_	_	_	
99-8	3194-3195	，	_	_	_	_	_	_	
99-9	3195-3208	不禁对这个失意地伏在桌面上	_	_	_	_	_	_	
99-10	3208-3209	、	_	_	_	_	_	_	
99-11	3209-3240	一杯杯自暴自弃似的往自己胃里灌酒的男人产生一丝额外的同情和垂怜	_	_	_	_	_	_	
99-11.1	3219-3221	自己	锦户亮	_	_	_	_	_	
99-11.2	3226-3228	男人	锦户亮	_	_	_	_	_	
99-12	3240-3241	。	_	_	_	_	_	_	

#Text=相比自己，他的日子应当难熬不少。
100-1	3242-3246	相比自己	_	_	_	_	_	_	
100-1.1	3244-3246	自己	大仓忠义	_	_	_	_	_	
100-2	3246-3247	，	_	_	_	_	_	_	
100-3	3247-3257	他的日子应当难熬不少	_	_	_	_	_	_	
100-3.1	3247-3248	他	锦户亮	_	_	_	_	_	
100-4	3257-3258	。	_	_	_	_	_	_	

#Text=何况这个男人简直好看到了很难忽视的地步。
101-1	3259-3278	何况这个男人简直好看到了很难忽视的地步	_	_	_	_	_	_	
101-1.1	3261-3265	这个男人	锦户亮	_	_	_	_	_	
101-2	3278-3279	。	_	_	_	_	_	_	

#Text=冷漠疏离的立体轮廓，倒是这点很不亚洲；大仓多看了几眼他那张脸蛋，红着眼眶眼泪水欲坠未坠，诡异的闷闷了无生趣的神色。
102-1	3279-3288	冷漠疏离的立体轮廓	_	_	_	_	_	_	
102-2	3288-3289	，	_	_	_	_	_	_	
102-3	3289-3297	倒是这点很不亚洲	_	_	_	_	_	_	
102-4	3297-3298	；	_	_	_	_	_	_	
102-5	3298-3310	大仓多看了几眼他那张脸蛋	_	_	_	_	_	_	
102-5.1	3298-3300	大仓	大仓忠义	_	_	_	_	_	
102-5.2	3305-3306	他	锦户亮	_	_	_	_	_	
102-6	3310-3311	，	_	_	_	_	_	_	
102-7	3311-3322	红着眼眶眼泪水欲坠未坠	_	_	_	_	_	_	
102-8	3322-3323	，	_	_	_	_	_	_	
102-9	3323-3335	诡异的闷闷了无生趣的神色	_	_	_	_	_	_	
102-10	3335-3336	。	_	_	_	_	_	_	

#Text=还是很难想象什么事情让这种人半夜喝闷酒。
103-1	3336-3355	还是很难想象什么事情让这种人半夜喝闷酒	_	_	_	_	_	_	
103-1.1	3347-3350	这种人	锦户亮	_	_	_	_	_	
103-2	3355-3356	。	_	_	_	_	_	_	

#Text=大仓想：不应该这么难过的。
104-1	3357-3360	大仓想	_	_	_	_	_	_	
104-1.1	3357-3359	大仓	大仓忠义	_	_	_	_	_	
104-2	3360-3361	：	_	_	_	_	_	_	
104-3	3361-3369	不应该这么难过的	_	_	_	_	_	_	
104-4	3369-3370	。	_	_	_	_	_	_	

#Text=或许只是因为他是个东洋人。
105-1	3370-3382	或许只是因为他是个东洋人	_	_	_	_	_	_	
105-1.1	3376-3377	他	锦户亮	_	_	_	_	_	
105-2	3382-3383	。	_	_	_	_	_	_	

#Text=有时候找床伴也就是一个眼神，锦户的眼睛透过一层蒙着水的软壳注意到他。
106-1	3384-3397	有时候找床伴也就是一个眼神	_	_	_	_	_	_	
106-2	3397-3398	，	_	_	_	_	_	_	
106-3	3398-3417	锦户的眼睛透过一层蒙着水的软壳注意到他	_	_	_	_	_	_	
106-3.1	3398-3400	锦户	锦户亮	One-Way	include	*	*	107-1.1	
106-3.2	3416-3417	他	大仓忠义	One-Way	include	*	*	107-1.1	
106-4	3417-3418	。	_	_	_	_	_	_	

#Text=有那么几秒钟他们遥遥相望。
107-1	3418-3430	有那么几秒钟他们遥遥相望	_	_	_	_	_	_	
107-1.1	3424-3426	他们	大仓忠义和锦户亮	_	_	_	_	_	
107-2	3430-3431	。	_	_	_	_	_	_	

#Text=锦户喝完酒的醉是后劲，仰在那里简直任人处置，也不发疯，乖巧温顺得像个人偶，被抱在手臂里的时候身上那种愤懑的狠劲一时也就全消殆尽；大仓自己也醉，但比他清醒太多了，找钥匙开门时大仓甚至觉得自己有点趁人之危。
108-1	3432-3442	锦户喝完酒的醉是后劲	_	_	_	_	_	_	
108-1.1	3432-3434	锦户	锦户亮	_	_	_	_	_	
108-2	3442-3443	，	_	_	_	_	_	_	
108-3	3443-3453	仰在那里简直任人处置	_	_	_	_	_	_	
108-4	3453-3454	，	_	_	_	_	_	_	
108-5	3454-3458	也不发疯	_	_	_	_	_	_	
108-6	3458-3459	，	_	_	_	_	_	_	
108-7	3459-3468	乖巧温顺得像个人偶	_	_	_	_	_	_	
108-8	3468-3469	，	_	_	_	_	_	_	
108-9	3469-3495	被抱在手臂里的时候身上那种愤懑的狠劲一时也就全消殆尽	_	_	_	_	_	_	
108-10	3495-3496	；	_	_	_	_	_	_	
108-11	3496-3502	大仓自己也醉	_	_	_	_	_	_	
108-11.1	3496-3500	大仓自己	大仓忠义	_	_	_	_	_	
108-12	3502-3503	，	_	_	_	_	_	_	
108-13	3503-3511	但比他清醒太多了	_	_	_	_	_	_	
108-13.1	3505-3506	他	锦户亮	_	_	_	_	_	
108-14	3511-3512	，	_	_	_	_	_	_	
108-15	3512-3532	找钥匙开门时大仓甚至觉得自己有点趁人之危	_	_	_	_	_	_	
108-15.1	3518-3520	大仓	大仓忠义	_	_	_	_	_	
108-15.2	3524-3526	自己	大仓忠义	_	_	_	_	_	
108-16	3532-3533	。	_	_	_	_	_	_	

#Text=当然上手做的时候什么都给抛到九霄云外。
109-1	3533-3551	当然上手做的时候什么都给抛到九霄云外	_	_	_	_	_	_	
109-2	3551-3552	。	_	_	_	_	_	_	

#Text=大仓把他展平了放到床上，有点窄，正常体位足够了，锦户又这么瘦。
110-1	3553-3564	大仓把他展平了放到床上	_	_	_	_	_	_	
110-1.1	3553-3555	大仓	大仓忠义	_	_	_	_	_	
110-1.2	3556-3557	他	锦户亮	_	_	_	_	_	
110-2	3564-3565	，	_	_	_	_	_	_	
110-3	3565-3568	有点窄	_	_	_	_	_	_	
110-4	3568-3569	，	_	_	_	_	_	_	
110-5	3569-3576	正常体位足够了	_	_	_	_	_	_	
110-6	3576-3577	，	_	_	_	_	_	_	
110-7	3577-3583	锦户又这么瘦	_	_	_	_	_	_	
110-7.1	3577-3579	锦户	锦户亮	_	_	_	_	_	
110-8	3583-3584	。	_	_	_	_	_	_	

#Text=——瘦的硌人——大仓想，心情并非普遍意义上的不适。
111-1	3585-3586	—	_	_	_	_	_	_	
111-2	3586-3587	—	_	_	_	_	_	_	
111-3	3587-3591	瘦的硌人	_	_	_	_	_	_	
111-4	3591-3592	—	_	_	_	_	_	_	
111-5	3592-3593	—	_	_	_	_	_	_	
111-6	3593-3596	大仓想	_	_	_	_	_	_	
111-6.1	3593-3595	大仓	大仓忠义	_	_	_	_	_	
111-7	3596-3597	，	_	_	_	_	_	_	
111-8	3597-3609	心情并非普遍意义上的不适	_	_	_	_	_	_	
111-9	3609-3610	。	_	_	_	_	_	_	

#Text=还要加上某种奇怪的心疼感。
112-1	3610-3622	还要加上某种奇怪的心疼感	_	_	_	_	_	_	
112-2	3622-3623	。	_	_	_	_	_	_	

#Text=他给一个素未谋面的人最大剂量的心疼就在这儿刷新了记录。
113-1	3623-3649	他给一个素未谋面的人最大剂量的心疼就在这儿刷新了记录	_	_	_	_	_	_	
113-1.1	3623-3624	他	大仓忠义	_	_	_	_	_	
113-2	3649-3650	。	_	_	_	_	_	_	

#Text=锦户瘦是一回事，身材也像专门为上床造的似的，肋骨，腰线、手臂的青筋，一溜摸下来毫无卡顿，学院派美术展上大概找得见这种雕塑。
114-1	3651-3658	锦户瘦是一回事	_	_	_	_	_	_	
114-1.1	3651-3653	锦户	锦户亮	_	_	_	_	_	
114-2	3658-3659	，	_	_	_	_	_	_	
114-3	3659-3672	身材也像专门为上床造的似的	_	_	_	_	_	_	
114-4	3672-3673	，	_	_	_	_	_	_	
114-5	3673-3675	肋骨	_	_	_	_	_	_	
114-6	3675-3676	，	_	_	_	_	_	_	
114-7	3676-3678	腰线	_	_	_	_	_	_	
114-8	3678-3679	、	_	_	_	_	_	_	
114-9	3679-3684	手臂的青筋	_	_	_	_	_	_	
114-10	3684-3685	，	_	_	_	_	_	_	
114-11	3685-3694	一溜摸下来毫无卡顿	_	_	_	_	_	_	
114-12	3694-3695	，	_	_	_	_	_	_	
114-13	3695-3711	学院派美术展上大概找得见这种雕塑	_	_	_	_	_	_	
114-14	3711-3712	。	_	_	_	_	_	_	

#Text=大仓手掌停在他的髋骨外侧，陷入“捡到宝了”的沉思与自我怀疑中。
115-1	3712-3724	大仓手掌停在他的髋骨外侧	_	_	_	_	_	_	
115-1.1	3712-3714	大仓	大仓忠义	_	_	_	_	_	
115-1.2	3718-3719	他	锦户亮	_	_	_	_	_	
115-2	3724-3725	，	_	_	_	_	_	_	
115-3	3725-3727	陷入	_	_	_	_	_	_	
115-4	3727-3728	“	_	_	_	_	_	_	
115-5	3728-3732	捡到宝了	_	_	_	_	_	_	
115-6	3732-3733	”	_	_	_	_	_	_	
115-7	3733-3742	的沉思与自我怀疑中	_	_	_	_	_	_	
115-8	3742-3743	。	_	_	_	_	_	_	

#Text=他自己谈不上纵横gay界，可是这种人居然，他不知道他的存在？
116-1	3743-3751	他自己谈不上纵横	_	_	_	_	_	_	
116-1.1	3743-3746	他自己	大仓忠义	_	_	_	_	_	
116-2	3751-3754	gay	_	_	_	_	_	_	
116-3	3754-3755	界	_	_	_	_	_	_	
116-4	3755-3756	，	_	_	_	_	_	_	
116-5	3756-3763	可是这种人居然	_	_	_	_	_	_	
116-5.1	3758-3761	这种人	锦户亮	_	_	_	_	_	
116-6	3763-3764	，	_	_	_	_	_	_	
116-7	3764-3772	他不知道他的存在	_	_	_	_	_	_	
116-7.1	3764-3765	他	大仓忠义	_	_	_	_	_	
116-7.2	3768-3769	他	锦户亮	_	_	_	_	_	
116-8	3772-3773	？	_	_	_	_	_	_	

#Text=已近而立之年的这位漂亮小先生在他身下迷着眼睛，裸体被床头的罩灯镀上一层温暖的金色，以一种无比温顺的奉献的姿态。
117-1	3774-3796	已近而立之年的这位漂亮小先生在他身下迷着眼睛	_	_	_	_	_	_	
117-1.1	3781-3788	这位漂亮小先生	锦户亮	_	_	_	_	_	
117-1.2	3789-3790	他	大仓忠义	_	_	_	_	_	
117-2	3796-3797	，	_	_	_	_	_	_	
117-3	3797-3814	裸体被床头的罩灯镀上一层温暖的金色	_	_	_	_	_	_	
117-4	3814-3815	，	_	_	_	_	_	_	
117-5	3815-3828	以一种无比温顺的奉献的姿态	_	_	_	_	_	_	
117-6	3828-3829	。	_	_	_	_	_	_	

#Text=大仓想这再不出击就是狗，手指一路向下，碰的锦户敏感地哼叫起来。
118-1	3830-3841	大仓想这再不出击就是狗	_	_	_	_	_	_	
118-1.1	3830-3832	大仓	大仓忠义	_	_	_	_	_	
118-2	3841-3842	，	_	_	_	_	_	_	
118-3	3842-3848	手指一路向下	_	_	_	_	_	_	
118-4	3848-3849	，	_	_	_	_	_	_	
118-5	3849-3860	碰的锦户敏感地哼叫起来	_	_	_	_	_	_	
118-5.1	3851-3853	锦户	锦户亮	_	_	_	_	_	
118-6	3860-3861	。	_	_	_	_	_	_	

#Text=一整夜的打桃射柳。
119-1	3862-3870	一整夜的打桃射柳	_	_	_	_	_	_	
119-2	3870-3871	。	_	_	_	_	_	_	

#Text=地面上乱糟糟散着他俩的衣服，平静如水地见证了一切。
120-1	3872-3885	地面上乱糟糟散着他俩的衣服	_	_	_	_	_	_	
120-1.1	3880-3882	他俩	大仓忠义和锦户亮	_	_	_	_	_	
120-2	3885-3886	，	_	_	_	_	_	_	
120-3	3886-3896	平静如水地见证了一切	_	_	_	_	_	_	
120-4	3896-3897	。	_	_	_	_	_	_	

#Text=锦户困倦欲睡地在他床上，两手交叠，白雪公主的姿势等着谁来拯救似的。
121-1	3897-3908	锦户困倦欲睡地在他床上	_	_	_	_	_	_	
121-1.1	3897-3899	锦户	锦户亮	_	_	_	_	_	
121-1.2	3905-3906	他	锦户亮	_	_	_	_	_	
121-2	3908-3909	，	_	_	_	_	_	_	
121-3	3909-3913	两手交叠	_	_	_	_	_	_	
121-4	3913-3914	，	_	_	_	_	_	_	
121-5	3914-3929	白雪公主的姿势等着谁来拯救似的	_	_	_	_	_	_	
121-6	3929-3930	。	_	_	_	_	_	_	

#Text=大仓义无反顾地钻进和他同一个被窝——他先不当王子。
122-1	3930-3946	大仓义无反顾地钻进和他同一个被窝	_	_	_	_	_	_	
122-1.1	3930-3932	大仓	大仓忠义	_	_	_	_	_	
122-1.2	3940-3941	他	锦户亮	_	_	_	_	_	
122-2	3946-3947	—	_	_	_	_	_	_	
122-3	3947-3948	—	_	_	_	_	_	_	
122-4	3948-3954	他先不当王子	_	_	_	_	_	_	
122-4.1	3948-3949	他	大仓忠义	_	_	_	_	_	
122-5	3954-3955	。	_	_	_	_	_	_	

#Text=就，他自己也好累。
123-1	3955-3956	就	_	_	_	_	_	_	
123-2	3956-3957	，	_	_	_	_	_	_	
123-3	3957-3963	他自己也好累	_	_	_	_	_	_	
123-3.1	3957-3960	他自己	大仓忠义	_	_	_	_	_	
123-4	3963-3964	。	_	_	_	_	_	_	

#Text=锦户的嗓子可能是越喊越好听的那种，黏稠得像酿好的蜜，侧躺在枕头上，感觉到了体温；两条冰凉的腿窸窸窣窣叠上大仓的腰胯。
124-1	3965-3981	锦户的嗓子可能是越喊越好听的那种	_	_	_	_	_	_	
124-1.1	3965-3967	锦户	锦户亮	_	_	_	_	_	
124-2	3981-3982	，	_	_	_	_	_	_	
124-3	3982-3990	黏稠得像酿好的蜜	_	_	_	_	_	_	
124-4	3990-3991	，	_	_	_	_	_	_	
124-5	3991-3997	侧躺在枕头上	_	_	_	_	_	_	
124-6	3997-3998	，	_	_	_	_	_	_	
124-7	3998-4004	感觉到了体温	_	_	_	_	_	_	
124-8	4004-4005	；	_	_	_	_	_	_	
124-9	4005-4022	两条冰凉的腿窸窸窣窣叠上大仓的腰胯	_	_	_	_	_	_	
124-9.1	4017-4019	大仓	大仓忠义	_	_	_	_	_	
124-10	4022-4023	。	_	_	_	_	_	_	

#Text=手臂也圈过来，“好冷”。
125-1	4023-4029	手臂也圈过来	_	_	_	_	_	_	
125-2	4029-4030	，	_	_	_	_	_	_	
125-3	4030-4031	“	_	_	_	_	_	_	
125-4	4031-4033	好冷	_	_	_	_	_	_	
125-5	4033-4034	”	_	_	_	_	_	_	
125-6	4034-4035	。	_	_	_	_	_	_	

#Text=他说。
126-1	4035-4037	他说	_	_	_	_	_	_	
126-1.1	4035-4036	他	锦户亮	_	_	_	_	_	
126-2	4037-4038	。	_	_	_	_	_	_	

#Text=鼻尖在大仓的颈窝里蹭了一蹭。
127-1	4038-4051	鼻尖在大仓的颈窝里蹭了一蹭	_	_	_	_	_	_	
127-1.1	4041-4043	大仓	大仓忠义	_	_	_	_	_	
127-2	4051-4052	。	_	_	_	_	_	_	

#Text=结果“好冷”是大仓忠义听到来自于锦户亮的第一句话。
128-1	4053-4055	结果	_	_	_	_	_	_	
128-2	4055-4056	“	_	_	_	_	_	_	
128-3	4056-4058	好冷	_	_	_	_	_	_	
128-4	4058-4059	”	_	_	_	_	_	_	
128-5	4059-4077	是大仓忠义听到来自于锦户亮的第一句话	_	_	_	_	_	_	
128-5.1	4060-4064	大仓忠义	大仓忠义	_	_	_	_	_	
128-5.2	4069-4072	锦户亮	锦户亮	_	_	_	_	_	
128-6	4077-4078	。	_	_	_	_	_	_	

#Text=“——你在向一个陌生人撒娇，”大仓笑了，也只任他爱怎样就怎样靠，揪起被子往上盖，只露出熟睡的上半张脸，黑眼睛黑头发，有一种感召似的东西让他激动起来。
129-1	4079-4080	“	_	_	_	_	_	_	
129-2	4080-4081	—	_	_	_	_	_	_	
129-3	4081-4082	—	_	_	_	_	_	_	
129-4	4082-4092	你在向一个陌生人撒娇	_	_	_	_	_	_	
129-4.1	4082-4083	你	锦户亮	_	_	_	_	_	
129-4.2	4085-4090	一个陌生人	大仓忠义	_	_	_	_	_	
129-5	4092-4093	，	_	_	_	_	_	_	
129-6	4093-4094	”	_	_	_	_	_	_	
129-7	4094-4098	大仓笑了	_	_	_	_	_	_	
129-7.1	4094-4096	大仓	大仓忠义	_	_	_	_	_	
129-8	4098-4099	，	_	_	_	_	_	_	
129-9	4099-4110	也只任他爱怎样就怎样靠	_	_	_	_	_	_	
129-9.1	4102-4103	他	锦户亮	_	_	_	_	_	
129-10	4110-4111	，	_	_	_	_	_	_	
129-11	4111-4118	揪起被子往上盖	_	_	_	_	_	_	
129-12	4118-4119	，	_	_	_	_	_	_	
129-13	4119-4129	只露出熟睡的上半张脸	_	_	_	_	_	_	
129-14	4129-4130	，	_	_	_	_	_	_	
129-15	4130-4136	黑眼睛黑头发	_	_	_	_	_	_	
129-16	4136-4137	，	_	_	_	_	_	_	
129-17	4137-4152	有一种感召似的东西让他激动起来	_	_	_	_	_	_	
129-17.1	4147-4148	他	大仓忠义	_	_	_	_	_	
129-18	4152-4153	。	_	_	_	_	_	_	

#Text=他想远在天边的故乡杜鹃、罂粟、玫瑰是不是都开了，大概是满片的红，一路摧枯折腐烧下山坡；锦户亮在他温暖的怀里合着眼。
130-1	4153-4164	他想远在天边的故乡杜鹃	_	_	_	_	_	_	
130-1.1	4153-4154	他	大仓忠义	_	_	_	_	_	
130-2	4164-4165	、	_	_	_	_	_	_	
130-3	4165-4167	罂粟	_	_	_	_	_	_	
130-4	4167-4168	、	_	_	_	_	_	_	
130-5	4168-4176	玫瑰是不是都开了	_	_	_	_	_	_	
130-6	4176-4177	，	_	_	_	_	_	_	
130-7	4177-4184	大概是满片的红	_	_	_	_	_	_	
130-8	4184-4185	，	_	_	_	_	_	_	
130-9	4185-4195	一路摧枯折腐烧下山坡	_	_	_	_	_	_	
130-10	4195-4196	；	_	_	_	_	_	_	
130-11	4196-4209	锦户亮在他温暖的怀里合着眼	_	_	_	_	_	_	
130-11.1	4196-4199	锦户亮	锦户亮	_	_	_	_	_	
130-11.2	4200-4201	他	大仓忠义	_	_	_	_	_	
130-12	4209-4210	。	_	_	_	_	_	_	

#Text=近到他有一瞬的错觉，以为那是朵可摘的花。
131-1	4210-4219	近到他有一瞬的错觉	_	_	_	_	_	_	
131-1.1	4212-4213	他	大仓忠义	_	_	_	_	_	
131-2	4219-4220	，	_	_	_	_	_	_	
131-3	4220-4229	以为那是朵可摘的花	_	_	_	_	_	_	
131-4	4229-4230	。	_	_	_	_	_	_	

#Text=／
#Text=“就还是那句话，新的学期新的开始，”锦户亮伸手扶高眼镜，经典的圆框金丝勾边，“上个阶段结束的很圆满，事实上更换后的学生名单没什么值得提及的改动，我想也不需要对课堂做特别的说明了。”
132-1	4231-4232	／	_	_	_	_	_	_	
132-2	4233-4234	“	_	_	_	_	_	_	
132-3	4234-4240	就还是那句话	_	_	_	_	_	_	
132-4	4240-4241	，	_	_	_	_	_	_	
132-5	4241-4249	新的学期新的开始	_	_	_	_	_	_	
132-6	4249-4250	，	_	_	_	_	_	_	
132-7	4250-4251	”	_	_	_	_	_	_	
132-8	4251-4260	锦户亮伸手扶高眼镜	_	_	_	_	_	_	
132-8.1	4251-4254	锦户亮	锦户亮	_	_	_	_	_	
132-9	4260-4261	，	_	_	_	_	_	_	
132-10	4261-4270	经典的圆框金丝勾边	_	_	_	_	_	_	
132-11	4270-4271	，	_	_	_	_	_	_	
132-12	4271-4272	“	_	_	_	_	_	_	
132-13	4272-4282	上个阶段结束的很圆满	_	_	_	_	_	_	
132-14	4282-4283	，	_	_	_	_	_	_	
132-15	4283-4304	事实上更换后的学生名单没什么值得提及的改动	_	_	_	_	_	_	
132-16	4304-4305	，	_	_	_	_	_	_	
132-17	4305-4321	我想也不需要对课堂做特别的说明了	_	_	_	_	_	_	
132-17.1	4305-4306	我	锦户亮	_	_	_	_	_	
132-18	4321-4322	。	_	_	_	_	_	_	
132-19	4322-4323	”	_	_	_	_	_	_	

#Text=哈莉特急得忘了礼节，推大仓的肩膀，大仓在重逢的奇异境地里尴尬地走不出来。
133-1	4324-4333	哈莉特急得忘了礼节	_	_	_	_	_	_	
133-1.1	4324-4327	哈莉特	哈莉特	_	_	_	_	_	
133-2	4333-4334	，	_	_	_	_	_	_	
133-3	4334-4340	推大仓的肩膀	_	_	_	_	_	_	
133-3.1	4335-4337	大仓	大仓忠义	_	_	_	_	_	
133-4	4340-4341	，	_	_	_	_	_	_	
133-5	4341-4359	大仓在重逢的奇异境地里尴尬地走不出来	_	_	_	_	_	_	
133-5.1	4341-4343	大仓	大仓忠义	_	_	_	_	_	
133-6	4359-4360	。	_	_	_	_	_	_	

#Text=锦户亮似乎在比对脸和人名。
134-1	4360-4372	锦户亮似乎在比对脸和人名	_	_	_	_	_	_	
134-1.1	4360-4363	锦户亮	锦户亮	_	_	_	_	_	
134-2	4372-4373	。	_	_	_	_	_	_	

#Text=搞的他现在像是等待审判。
135-1	4373-4384	搞的他现在像是等待审判	_	_	_	_	_	_	
135-1.1	4375-4376	他	大仓忠义	_	_	_	_	_	
135-2	4384-4385	。	_	_	_	_	_	_	

#Text=锦户挑起半边的眉，“——好像不是的，看样子我们有位新朋友……”要怪周围的学生把目光全都集在大仓身上，不然发现他的时刻或许能再晚来一些。
136-1	4386-4394	锦户挑起半边的眉	_	_	_	_	_	_	
136-1.1	4386-4388	锦户	锦户亮	One-Way	include	*	*	136-8.1	
136-2	4394-4395	，	_	_	_	_	_	_	
136-3	4395-4396	“	_	_	_	_	_	_	
136-4	4396-4397	—	_	_	_	_	_	_	
136-5	4397-4398	—	_	_	_	_	_	_	
136-6	4398-4403	好像不是的	_	_	_	_	_	_	
136-7	4403-4404	，	_	_	_	_	_	_	
136-8	4404-4414	看样子我们有位新朋友	_	_	_	_	_	_	
136-8.1	4407-4409	我们	锦户亮和学生	_	_	_	_	_	
136-8.2	4411-4414	新朋友	大仓忠义	_	_	_	_	_	
136-9	4414-4415	…	_	_	_	_	_	_	
136-10	4415-4416	…	_	_	_	_	_	_	
136-11	4416-4417	”	_	_	_	_	_	_	
136-12	4417-4435	要怪周围的学生把目光全都集在大仓身上	_	_	_	_	_	_	
136-12.1	4422-4424	学生	学生	One-Way	include	*	*	136-8.1	
136-12.2	4431-4433	大仓	大仓忠义	_	_	_	_	_	
136-13	4435-4436	，	_	_	_	_	_	_	
136-14	4436-4452	不然发现他的时刻或许能再晚来一些	_	_	_	_	_	_	
136-14.1	4440-4441	他	大仓忠义	_	_	_	_	_	
136-15	4452-4453	。	_	_	_	_	_	_	

#Text=“——你好，忠义先生？”
137-1	4454-4455	“	_	_	_	_	_	_	
137-2	4455-4456	—	_	_	_	_	_	_	
137-3	4456-4457	—	_	_	_	_	_	_	
137-4	4457-4459	你好	_	_	_	_	_	_	
137-4.1	4457-4458	你	大仓忠义	_	_	_	_	_	
137-5	4459-4460	，	_	_	_	_	_	_	
137-6	4460-4464	忠义先生	大仓忠义	_	_	_	_	_	
137-7	4464-4465	？	_	_	_	_	_	_	
137-8	4465-4466	”	_	_	_	_	_	_	

#Text=他黑色的眼珠上下移动着打量大仓，友好淡漠的语气，“很欢迎你，虽说上个学期我一次没有在这里见到过你。”
138-1	4466-4481	他黑色的眼珠上下移动着打量大仓	_	_	_	_	_	_	
138-1.1	4466-4467	他	锦户亮	_	_	_	_	_	
138-1.2	4479-4481	大仓	大仓忠义	_	_	_	_	_	
138-2	4481-4482	，	_	_	_	_	_	_	
138-3	4482-4489	友好淡漠的语气	_	_	_	_	_	_	
138-4	4489-4490	，	_	_	_	_	_	_	
138-5	4490-4491	“	_	_	_	_	_	_	
138-6	4491-4495	很欢迎你	_	_	_	_	_	_	
138-6.1	4494-4495	你	大仓忠义	_	_	_	_	_	
138-7	4495-4496	，	_	_	_	_	_	_	
138-8	4496-4514	虽说上个学期我一次没有在这里见到过你	_	_	_	_	_	_	
138-8.1	4502-4503	我	锦户亮	_	_	_	_	_	
138-8.2	4513-4514	你	大仓忠义	_	_	_	_	_	
138-9	4514-4515	。	_	_	_	_	_	_	
138-10	4515-4516	”	_	_	_	_	_	_	

#Text=“......但是没有关系...”锦户看他定定地怔在那里不回应，也就进入正题，“我们已经没有预留的时间和雪莱、拜伦、布莱克做告别了，你们都有新的书单吧？”
139-1	4517-4518	“	_	_	_	_	_	_	
139-2	4518-4519	.	_	_	_	_	_	_	
139-3	4519-4520	.	_	_	_	_	_	_	
139-4	4520-4521	.	_	_	_	_	_	_	
139-5	4521-4522	.	_	_	_	_	_	_	
139-6	4522-4523	.	_	_	_	_	_	_	
139-7	4523-4524	.	_	_	_	_	_	_	
139-8	4524-4530	但是没有关系	_	_	_	_	_	_	
139-9	4530-4531	.	_	_	_	_	_	_	
139-10	4531-4532	.	_	_	_	_	_	_	
139-11	4532-4533	.	_	_	_	_	_	_	
139-12	4533-4534	”	_	_	_	_	_	_	
139-13	4534-4548	锦户看他定定地怔在那里不回应	_	_	_	_	_	_	
139-13.1	4534-4536	锦户	锦户亮	_	_	_	_	_	
139-13.2	4537-4538	他	大仓忠义	_	_	_	_	_	
139-14	4548-4549	，	_	_	_	_	_	_	
139-15	4549-4555	也就进入正题	_	_	_	_	_	_	
139-16	4555-4556	，	_	_	_	_	_	_	
139-17	4556-4557	“	_	_	_	_	_	_	
139-18	4557-4571	我们已经没有预留的时间和雪莱	_	_	_	_	_	_	
139-18.1	4557-4559	我们	锦户亮和学生	_	_	_	_	_	
139-19	4571-4572	、	_	_	_	_	_	_	
139-20	4572-4574	拜伦	_	_	_	_	_	_	
139-21	4574-4575	、	_	_	_	_	_	_	
139-22	4575-4582	布莱克做告别了	_	_	_	_	_	_	
139-23	4582-4583	，	_	_	_	_	_	_	
139-24	4583-4592	你们都有新的书单吧	_	_	_	_	_	_	
139-24.1	4583-4585	你们	学生	_	_	_	_	_	
139-25	4592-4593	？	_	_	_	_	_	_	
139-26	4593-4594	”	_	_	_	_	_	_	

#Text=台下有回应的声音，“——好的，这三个月，我们的着眼点在，你们都知道了，莎士比亚。"
140-1	4594-4602	台下有回应的声音	_	_	_	_	_	_	
140-2	4602-4603	，	_	_	_	_	_	_	
140-3	4603-4604	“	_	_	_	_	_	_	
140-4	4604-4605	—	_	_	_	_	_	_	
140-5	4605-4606	—	_	_	_	_	_	_	
140-6	4606-4608	好的	_	_	_	_	_	_	
140-7	4608-4609	，	_	_	_	_	_	_	
140-8	4609-4613	这三个月	_	_	_	_	_	_	
140-9	4613-4614	，	_	_	_	_	_	_	
140-10	4614-4621	我们的着眼点在	_	_	_	_	_	_	
140-10.1	4614-4616	我们	锦户亮和学生	_	_	_	_	_	
140-11	4621-4622	，	_	_	_	_	_	_	
140-12	4622-4628	你们都知道了	_	_	_	_	_	_	
140-12.1	4622-4624	你们	学生	_	_	_	_	_	
140-13	4628-4629	，	_	_	_	_	_	_	
140-14	4629-4633	莎士比亚	莎士比亚	_	_	_	_	_	
140-15	4633-4634	。	_	_	_	_	_	_	
140-16	4634-4635	"	_	_	_	_	_	_	

#Text=满堂哗然，即使已预先知道，还是质疑这个不管怎么看都显得诡异的安排，大仓忠义心怦怦跳，话听在耳朵里都觉得迷离徜恍不能吸收；可是为什么呢？
141-1	4636-4640	满堂哗然	_	_	_	_	_	_	
141-2	4640-4641	，	_	_	_	_	_	_	
141-3	4641-4648	即使已预先知道	_	_	_	_	_	_	
141-4	4648-4649	，	_	_	_	_	_	_	
141-5	4649-4668	还是质疑这个不管怎么看都显得诡异的安排	_	_	_	_	_	_	
141-6	4668-4669	，	_	_	_	_	_	_	
141-7	4669-4677	大仓忠义心怦怦跳	_	_	_	_	_	_	
141-7.1	4669-4673	大仓忠义	大仓忠义	_	_	_	_	_	
141-8	4677-4678	，	_	_	_	_	_	_	
141-9	4678-4695	话听在耳朵里都觉得迷离徜恍不能吸收	_	_	_	_	_	_	
141-10	4695-4696	；	_	_	_	_	_	_	
141-11	4696-4702	可是为什么呢	_	_	_	_	_	_	
141-12	4702-4703	？	_	_	_	_	_	_	

#Text=没有认出他来？
142-1	4703-4709	没有认出他来	_	_	_	_	_	_	
142-1.1	4707-4708	他	大仓忠义	_	_	_	_	_	
142-2	4709-4710	？	_	_	_	_	_	_	

#Text=当真没有？
143-1	4710-4714	当真没有	_	_	_	_	_	_	
143-2	4714-4715	？	_	_	_	_	_	_	

#Text=确实没有。
144-1	4716-4720	确实没有	_	_	_	_	_	_	
144-2	4720-4721	。	_	_	_	_	_	_	

#Text=锦户亮简短解释完，坦荡地向大仓复又投来一个眼神，直勾勾的；一双来自异国的眼眸漆黑有如百丈深渊，东方人洗墨的砚水结成冰，哗啦啦倒进去铺平在底下。
145-1	4721-4729	锦户亮简短解释完	_	_	_	_	_	_	
145-1.1	4721-4724	锦户亮	锦户亮	_	_	_	_	_	
145-2	4729-4730	，	_	_	_	_	_	_	
145-3	4730-4744	坦荡地向大仓复又投来一个眼神	_	_	_	_	_	_	
145-3.1	4734-4736	大仓	大仓忠义	_	_	_	_	_	
145-4	4744-4745	，	_	_	_	_	_	_	
145-5	4745-4749	直勾勾的	_	_	_	_	_	_	
145-6	4749-4750	；	_	_	_	_	_	_	
145-7	4750-4767	一双来自异国的眼眸漆黑有如百丈深渊	_	_	_	_	_	_	
145-8	4767-4768	，	_	_	_	_	_	_	
145-9	4768-4779	东方人洗墨的砚水结成冰	_	_	_	_	_	_	
145-10	4779-4780	，	_	_	_	_	_	_	
145-11	4780-4791	哗啦啦倒进去铺平在底下	_	_	_	_	_	_	
145-12	4791-4792	。	_	_	_	_	_	_	

#Text=里面几乎是流光溢彩。
146-1	4792-4801	里面几乎是流光溢彩	_	_	_	_	_	_	
146-2	4801-4802	。	_	_	_	_	_	_	

#Text=他说的可能是“有问题课后可以来问我”或者其他别的什么套话，大仓只顾自己兵荒马乱，回过神来无感情的套话一下子也很震心。
147-1	4803-4809	他说的可能是	_	_	_	_	_	_	
147-1.1	4803-4804	他	锦户亮	_	_	_	_	_	
147-2	4809-4810	“	_	_	_	_	_	_	
147-3	4810-4820	有问题课后可以来问我	_	_	_	_	_	_	
147-3.1	4819-4820	我	锦户亮	_	_	_	_	_	
147-4	4820-4821	”	_	_	_	_	_	_	
147-5	4821-4831	或者其他别的什么套话	_	_	_	_	_	_	
147-6	4831-4832	，	_	_	_	_	_	_	
147-7	4832-4842	大仓只顾自己兵荒马乱	_	_	_	_	_	_	
147-7.1	4832-4834	大仓	大仓忠义	_	_	_	_	_	
147-7.2	4836-4838	自己	大仓忠义	_	_	_	_	_	
147-8	4842-4843	，	_	_	_	_	_	_	
147-9	4843-4860	回过神来无感情的套话一下子也很震心	_	_	_	_	_	_	
147-10	4860-4861	。	_	_	_	_	_	_	

#Text=“——莎士比亚，”锦户重复道，带着笑意的脸庞展现出稀有而美丽的热情，“有时候最经典的往往最容易招人轻视……我们把时间往回穿梭了三个世纪，抓住这次机会，你们会对文学的真谛有属于自己的领悟，相信我。”
148-1	4862-4863	“	_	_	_	_	_	_	
148-2	4863-4864	—	_	_	_	_	_	_	
148-3	4864-4865	—	_	_	_	_	_	_	
148-4	4865-4869	莎士比亚	莎士比亚	_	_	_	_	_	
148-5	4869-4870	，	_	_	_	_	_	_	
148-6	4870-4871	”	_	_	_	_	_	_	
148-7	4871-4876	锦户重复道	_	_	_	_	_	_	
148-7.1	4871-4873	锦户	锦户亮	One-Way	include	*	*	148-15.1	
148-8	4876-4877	，	_	_	_	_	_	_	
148-9	4877-4895	带着笑意的脸庞展现出稀有而美丽的热情	_	_	_	_	_	_	
148-10	4895-4896	，	_	_	_	_	_	_	
148-11	4896-4897	“	_	_	_	_	_	_	
148-12	4897-4913	有时候最经典的往往最容易招人轻视	_	_	_	_	_	_	
148-13	4913-4914	…	_	_	_	_	_	_	
148-14	4914-4915	…	_	_	_	_	_	_	
148-15	4915-4929	我们把时间往回穿梭了三个世纪	_	_	_	_	_	_	
148-15.1	4915-4917	我们	锦户亮和学生	_	_	_	_	_	
148-16	4929-4930	，	_	_	_	_	_	_	
148-17	4930-4936	抓住这次机会	_	_	_	_	_	_	
148-18	4936-4937	，	_	_	_	_	_	_	
148-19	4937-4954	你们会对文学的真谛有属于自己的领悟	_	_	_	_	_	_	
148-19.1	4937-4939	你们	学生	_	_	_	_	_	
148-19.2	4949-4951	自己	学生	One-Way	include	*	*	148-15.1	
148-20	4954-4955	，	_	_	_	_	_	_	
148-21	4955-4958	相信我	_	_	_	_	_	_	
148-21.1	4957-4958	我	锦户亮	_	_	_	_	_	
148-22	4958-4959	。	_	_	_	_	_	_	
148-23	4959-4960	”	_	_	_	_	_	_	

#Text=他说“相信我”的语气让人好像不过脑子地也就这么相信他了。
149-1	4961-4963	他说	_	_	_	_	_	_	
149-1.1	4961-4962	他	锦户亮	_	_	_	_	_	
149-2	4963-4964	“	_	_	_	_	_	_	
149-3	4964-4967	相信我	_	_	_	_	_	_	
149-3.1	4966-4967	我	锦户亮	_	_	_	_	_	
149-4	4967-4968	”	_	_	_	_	_	_	
149-5	4968-4988	的语气让人好像不过脑子地也就这么相信他了	_	_	_	_	_	_	
149-5.1	4986-4987	他	锦户亮	_	_	_	_	_	
149-6	4988-4989	。	_	_	_	_	_	_	

#Text=大仓才记起来掉头向哈莉特道歉，那姑娘有些恼火。
150-1	4990-5004	大仓才记起来掉头向哈莉特道歉	_	_	_	_	_	_	
150-1.1	4990-4992	大仓	大仓忠义	_	_	_	_	_	
150-1.2	4999-5002	哈莉特	哈莉特	_	_	_	_	_	
150-2	5004-5005	，	_	_	_	_	_	_	
150-3	5005-5012	那姑娘有些恼火	_	_	_	_	_	_	
150-3.1	5005-5008	那姑娘	哈莉特	_	_	_	_	_	
150-4	5012-5013	。	_	_	_	_	_	_	

#Text=“可是为什么..."
151-1	5014-5015	“	_	_	_	_	_	_	
151-2	5015-5020	可是为什么	_	_	_	_	_	_	
151-3	5020-5021	.	_	_	_	_	_	_	
151-4	5021-5022	.	_	_	_	_	_	_	
151-5	5022-5023	.	_	_	_	_	_	_	
151-6	5023-5024	"	_	_	_	_	_	_	

#Text=她嘟嘟囔囔了一会儿，但什么也没说，朝他摇摇头的意思约莫是“算了，听课吧。”
152-1	5024-5033	她嘟嘟囔囔了一会儿	_	_	_	_	_	_	
152-1.1	5024-5025	她	哈莉特	_	_	_	_	_	
152-2	5033-5034	，	_	_	_	_	_	_	
152-3	5034-5040	但什么也没说	_	_	_	_	_	_	
152-4	5040-5041	，	_	_	_	_	_	_	
152-5	5041-5052	朝他摇摇头的意思约莫是	_	_	_	_	_	_	
152-5.1	5042-5043	他	大仓忠义	_	_	_	_	_	
152-6	5052-5053	“	_	_	_	_	_	_	
152-7	5053-5055	算了	_	_	_	_	_	_	
152-8	5055-5056	，	_	_	_	_	_	_	
152-9	5056-5059	听课吧	_	_	_	_	_	_	
152-10	5059-5060	。	_	_	_	_	_	_	
152-11	5060-5061	”	_	_	_	_	_	_	

#Text=他掏干净口袋只带了一支崭新到表面反光的钢笔，放在桌子上，人也往后一靠，像食物放在砧板上就那么任人鱼肉。
153-1	5062-5083	他掏干净口袋只带了一支崭新到表面反光的钢笔	_	_	_	_	_	_	
153-1.1	5062-5063	他	大仓忠义	_	_	_	_	_	
153-2	5083-5084	，	_	_	_	_	_	_	
153-3	5084-5089	放在桌子上	_	_	_	_	_	_	
153-4	5089-5090	，	_	_	_	_	_	_	
153-5	5090-5096	人也往后一靠	_	_	_	_	_	_	
153-5.1	5090-5091	人	大仓忠义	_	_	_	_	_	
153-6	5096-5097	，	_	_	_	_	_	_	
153-7	5097-5112	像食物放在砧板上就那么任人鱼肉	_	_	_	_	_	_	
153-8	5112-5113	。	_	_	_	_	_	_	

#Text=哈莉特把资料推过来和他合看以表慰藉。
154-1	5113-5130	哈莉特把资料推过来和他合看以表慰藉	_	_	_	_	_	_	
154-1.1	5113-5116	哈莉特	哈莉特	_	_	_	_	_	
154-1.2	5123-5124	他	大仓忠义	_	_	_	_	_	
154-2	5130-5131	。	_	_	_	_	_	_	

#Text=大仓象征性感谢了她的仁慈。
155-1	5131-5143	大仓象征性感谢了她的仁慈	_	_	_	_	_	_	
155-1.1	5131-5133	大仓	大仓忠义	_	_	_	_	_	
155-1.2	5139-5140	她	哈莉特	_	_	_	_	_	
155-2	5143-5144	。	_	_	_	_	_	_	

#Text=然而他听着课内心里还是混乱：毕竟讲台上那是同一张脸，在他家浴室淋浴喷头底下扬着脖颈，冲掉一头黑发上散乱的白浊。
156-1	5144-5157	然而他听着课内心里还是混乱	_	_	_	_	_	_	
156-1.1	5146-5147	他	大仓忠义	_	_	_	_	_	
156-2	5157-5158	：	_	_	_	_	_	_	
156-3	5158-5169	毕竟讲台上那是同一张脸	_	_	_	_	_	_	
156-3.1	5165-5169	同一张脸	锦户亮	_	_	_	_	_	
156-4	5169-5170	，	_	_	_	_	_	_	
156-5	5170-5185	在他家浴室淋浴喷头底下扬着脖颈	_	_	_	_	_	_	
156-5.1	5171-5172	他	大仓忠义	_	_	_	_	_	
156-6	5185-5186	，	_	_	_	_	_	_	
156-7	5186-5198	冲掉一头黑发上散乱的白浊	_	_	_	_	_	_	
156-8	5198-5199	。	_	_	_	_	_	_	

#Text=同样的一对手腕被他握在手心里下压再下压陷进他的单人床。
157-1	5199-5225	同样的一对手腕被他握在手心里下压再下压陷进他的单人床	_	_	_	_	_	_	
157-1.1	5207-5208	他	大仓忠义	_	_	_	_	_	
157-1.2	5220-5221	他	大仓忠义	_	_	_	_	_	
157-2	5225-5226	。	_	_	_	_	_	_	

#Text=他总不会是做了个异常清晰的梦；或者他的大学讲师施障眼法披上了他梦中情人的皮。
158-1	5226-5240	他总不会是做了个异常清晰的梦	_	_	_	_	_	_	
158-1.1	5226-5227	他	大仓忠义	_	_	_	_	_	
158-2	5240-5241	；	_	_	_	_	_	_	
158-3	5241-5263	或者他的大学讲师施障眼法披上了他梦中情人的皮	_	_	_	_	_	_	
158-3.1	5243-5249	他的大学讲师	锦户亮	_	_	_	_	_	
158-3.2	5243-5244	他	大仓忠义	_	_	_	_	_	
158-3.3	5256-5261	他梦中情人	锦户亮	_	_	_	_	_	
158-3.4	5256-5257	他	大仓忠义	_	_	_	_	_	
158-4	5263-5264	。	_	_	_	_	_	_	

#Text=这不应该。
159-1	5265-5269	这不应该	_	_	_	_	_	_	
159-2	5269-5270	。	_	_	_	_	_	_	

#Text=哈莉特捅了捅出神的大仓。
160-1	5271-5282	哈莉特捅了捅出神的大仓	_	_	_	_	_	_	
160-1.1	5271-5274	哈莉特	哈莉特	_	_	_	_	_	
160-1.2	5280-5282	大仓	大仓忠义	_	_	_	_	_	
160-2	5282-5283	。	_	_	_	_	_	_	

#Text=他直直愣愣站起来，空气如此安静，锦户问他的问题是什么他也没听清。
161-1	5283-5291	他直直愣愣站起来	_	_	_	_	_	_	
161-1.1	5283-5284	他	大仓忠义	_	_	_	_	_	
161-2	5291-5292	，	_	_	_	_	_	_	
161-3	5292-5298	空气如此安静	_	_	_	_	_	_	
161-4	5298-5299	，	_	_	_	_	_	_	
161-5	5299-5314	锦户问他的问题是什么他也没听清	_	_	_	_	_	_	
161-5.1	5299-5301	锦户	锦户亮	_	_	_	_	_	
161-5.2	5302-5303	他	大仓忠义	_	_	_	_	_	
161-5.3	5309-5310	他	大仓忠义	_	_	_	_	_	
161-6	5314-5315	。	_	_	_	_	_	_	

#Text=锦户是个好老师。
162-1	5316-5323	锦户是个好老师	_	_	_	_	_	_	
162-1.1	5316-5318	锦户	锦户亮	_	_	_	_	_	
162-2	5323-5324	。	_	_	_	_	_	_	

#Text=大仓这节课没上好只能说与他有关也与他无干。
163-1	5324-5344	大仓这节课没上好只能说与他有关也与他无干	_	_	_	_	_	_	
163-1.1	5324-5326	大仓	大仓忠义	_	_	_	_	_	
163-1.2	5336-5337	他	锦户亮	_	_	_	_	_	
163-1.3	5341-5342	他	锦户亮	_	_	_	_	_	
163-2	5344-5345	。	_	_	_	_	_	_	

#Text=哈莉特结束之后追出来就问他，单刀直入：“我觉得您要是不喜欢文学也不会选这门课，所以是锦户那个男人出了问题？”
164-1	5346-5359	哈莉特结束之后追出来就问他	_	_	_	_	_	_	
164-1.1	5346-5349	哈莉特	哈莉特	_	_	_	_	_	
164-1.2	5358-5359	他	大仓忠义	_	_	_	_	_	
164-2	5359-5360	，	_	_	_	_	_	_	
164-3	5360-5364	单刀直入	_	_	_	_	_	_	
164-4	5364-5365	：	_	_	_	_	_	_	
164-5	5365-5366	“	_	_	_	_	_	_	
164-6	5366-5384	我觉得您要是不喜欢文学也不会选这门课	_	_	_	_	_	_	
164-6.1	5366-5367	我	哈莉特	_	_	_	_	_	
164-6.2	5369-5370	您	大仓忠义	_	_	_	_	_	
164-7	5384-5385	，	_	_	_	_	_	_	
164-8	5385-5398	所以是锦户那个男人出了问题	_	_	_	_	_	_	
164-8.1	5388-5390	锦户	锦户亮	_	_	_	_	_	
164-8.2	5390-5394	那个男人	锦户亮	_	_	_	_	_	
164-9	5398-5399	？	_	_	_	_	_	_	
164-10	5399-5400	”	_	_	_	_	_	_	

#Text=这是什么蔑称。
165-1	5401-5407	这是什么蔑称	_	_	_	_	_	_	
165-2	5407-5408	。	_	_	_	_	_	_	

#Text=“——不，那也没有……”
#Text=哈莉特沉默了一会儿。
166-1	5409-5410	“	_	_	_	_	_	_	
166-2	5410-5411	—	_	_	_	_	_	_	
166-3	5411-5412	—	_	_	_	_	_	_	
166-4	5412-5413	不	_	_	_	_	_	_	
166-5	5413-5414	，	_	_	_	_	_	_	
166-6	5414-5418	那也没有	_	_	_	_	_	_	
166-7	5418-5419	…	_	_	_	_	_	_	
166-8	5419-5420	…	_	_	_	_	_	_	
166-9	5420-5421	”	_	_	_	_	_	_	
166-10	5422-5431	哈莉特沉默了一会儿	_	_	_	_	_	_	
166-10.1	5422-5425	哈莉特	哈莉特	_	_	_	_	_	
166-11	5431-5432	。	_	_	_	_	_	_	

#Text=“如果他有什么问题您得说。
167-1	5432-5433	“	_	_	_	_	_	_	
167-2	5433-5444	如果他有什么问题您得说	_	_	_	_	_	_	
167-2.1	5435-5436	他	锦户亮	_	_	_	_	_	
167-2.2	5441-5442	您	大仓忠义	_	_	_	_	_	
167-3	5444-5445	。	_	_	_	_	_	_	

#Text=您多来几次就听得到有关他的传闻了。
168-1	5445-5461	您多来几次就听得到有关他的传闻了	_	_	_	_	_	_	
168-1.1	5445-5446	您	大仓忠义	_	_	_	_	_	
168-1.2	5456-5457	他	锦户亮	_	_	_	_	_	
168-2	5461-5462	。	_	_	_	_	_	_	

#Text=有些是真的，有些一听就太离谱了。”
169-1	5462-5467	有些是真的	_	_	_	_	_	_	
169-2	5467-5468	，	_	_	_	_	_	_	
169-3	5468-5477	有些一听就太离谱了	_	_	_	_	_	_	
169-4	5477-5478	。	_	_	_	_	_	_	
169-5	5478-5479	”	_	_	_	_	_	_	

#Text=“你凭什么判断的？”
170-1	5480-5481	“	_	_	_	_	_	_	
170-2	5481-5488	你凭什么判断的	_	_	_	_	_	_	
170-2.1	5481-5482	你	哈莉特	_	_	_	_	_	
170-3	5488-5489	？	_	_	_	_	_	_	
170-4	5489-5490	”	_	_	_	_	_	_	

#Text=“我有我的信息源——比如，他是个同性恋。”
171-1	5491-5492	“	_	_	_	_	_	_	
171-2	5492-5499	我有我的信息源	_	_	_	_	_	_	
171-2.1	5492-5493	我	哈莉特	_	_	_	_	_	
171-2.2	5494-5495	我	哈莉特	_	_	_	_	_	
171-3	5499-5500	—	_	_	_	_	_	_	
171-4	5500-5501	—	_	_	_	_	_	_	
171-5	5501-5503	比如	_	_	_	_	_	_	
171-6	5503-5504	，	_	_	_	_	_	_	
171-7	5504-5510	他是个同性恋	_	_	_	_	_	_	
171-7.1	5504-5505	他	锦户亮	_	_	_	_	_	
171-8	5510-5511	。	_	_	_	_	_	_	
171-9	5511-5512	”	_	_	_	_	_	_	

#Text=“这是一听就太离谱了的那个？”
172-1	5513-5514	“	_	_	_	_	_	_	
172-2	5514-5526	这是一听就太离谱了的那个	_	_	_	_	_	_	
172-3	5526-5527	？	_	_	_	_	_	_	
172-4	5527-5528	”	_	_	_	_	_	_	

#Text=“这是真的。”
173-1	5529-5530	“	_	_	_	_	_	_	
173-2	5530-5534	这是真的	_	_	_	_	_	_	
173-3	5534-5535	。	_	_	_	_	_	_	
173-4	5535-5536	”	_	_	_	_	_	_	

#Text=大仓心里的那头纯情巨鹿跟着音乐开始跳舞，努力板住了没给露出来。
174-1	5537-5556	大仓心里的那头纯情巨鹿跟着音乐开始跳舞	_	_	_	_	_	_	
174-1.1	5537-5539	大仓	大仓忠义	_	_	_	_	_	
174-2	5556-5557	，	_	_	_	_	_	_	
174-3	5557-5567	努力板住了没给露出来	_	_	_	_	_	_	
174-4	5567-5568	。	_	_	_	_	_	_	

#Text=哈莉特继续说：“其他的要么无关紧要要么都是假的。
175-1	5568-5574	哈莉特继续说	_	_	_	_	_	_	
175-1.1	5568-5571	哈莉特	哈莉特	_	_	_	_	_	
175-2	5574-5575	：	_	_	_	_	_	_	
175-3	5575-5576	“	_	_	_	_	_	_	
175-4	5576-5591	其他的要么无关紧要要么都是假的	_	_	_	_	_	_	
175-5	5591-5592	。	_	_	_	_	_	_	

#Text=你在哪遇见的他？”
176-1	5592-5599	你在哪遇见的他	_	_	_	_	_	_	
176-1.1	5592-5593	你	大仓忠义	_	_	_	_	_	
176-1.2	5598-5599	他	锦户亮	_	_	_	_	_	
176-2	5599-5600	？	_	_	_	_	_	_	
176-3	5600-5601	”	_	_	_	_	_	_	

#Text=“我——忘了在哪个学术交流的场合，锦户先生很显眼，毕竟长得不错，又是东洋人——”大仓假话也开始编起来，编得天衣无缝。
177-1	5602-5603	“	_	_	_	_	_	_	
177-2	5603-5604	我	大仓忠义	_	_	_	_	_	
177-3	5604-5605	—	_	_	_	_	_	_	
177-4	5605-5606	—	_	_	_	_	_	_	
177-5	5606-5618	忘了在哪个学术交流的场合	_	_	_	_	_	_	
177-6	5618-5619	，	_	_	_	_	_	_	
177-7	5619-5626	锦户先生很显眼	_	_	_	_	_	_	
177-7.1	5619-5623	锦户先生	锦户亮	_	_	_	_	_	
177-8	5626-5627	，	_	_	_	_	_	_	
177-9	5627-5633	毕竟长得不错	_	_	_	_	_	_	
177-10	5633-5634	，	_	_	_	_	_	_	
177-11	5634-5639	又是东洋人	_	_	_	_	_	_	
177-12	5639-5640	—	_	_	_	_	_	_	
177-13	5640-5641	—	_	_	_	_	_	_	
177-14	5641-5642	”	_	_	_	_	_	_	
177-15	5642-5652	大仓假话也开始编起来	_	_	_	_	_	_	
177-15.1	5642-5644	大仓	大仓忠义	_	_	_	_	_	
177-16	5652-5653	，	_	_	_	_	_	_	
177-17	5653-5659	编得天衣无缝	_	_	_	_	_	_	
177-18	5659-5660	。	_	_	_	_	_	_	

#Text=他潜意识里还是不敢胡说的，想锦户亮大概有很多秘密。
178-1	5661-5673	他潜意识里还是不敢胡说的	_	_	_	_	_	_	
178-1.1	5661-5662	他	大仓忠义	_	_	_	_	_	
178-2	5673-5674	，	_	_	_	_	_	_	
178-3	5674-5685	想锦户亮大概有很多秘密	_	_	_	_	_	_	
178-3.1	5675-5678	锦户亮	锦户亮	_	_	_	_	_	
178-4	5685-5686	。	_	_	_	_	_	_	

#Text=当然这些秘密他得知道。
179-1	5687-5697	当然这些秘密他得知道	_	_	_	_	_	_	
179-1.1	5693-5694	他	大仓忠义	_	_	_	_	_	
179-2	5697-5698	。	_	_	_	_	_	_	

#Text=／
#Text=四点三刻，秒针还在滴滴答答的走。
180-1	5699-5700	／	_	_	_	_	_	_	
180-2	5701-5705	四点三刻	_	_	_	_	_	_	
180-3	5705-5706	，	_	_	_	_	_	_	
180-4	5706-5716	秒针还在滴滴答答的走	_	_	_	_	_	_	
180-5	5716-5717	。	_	_	_	_	_	_	

#Text=大仓坐在街区主干道最大的一家咖啡馆里，这个时间下午茶太晚晚餐又太早，他一面唾弃学校时间段卡的尴尬，一面心里打算盘想正好和哈莉特谈些什么磨磨时间——得到点他关心的情报。
181-1	5717-5735	大仓坐在街区主干道最大的一家咖啡馆里	_	_	_	_	_	_	
181-1.1	5717-5719	大仓	大仓忠义	_	_	_	_	_	
181-2	5735-5736	，	_	_	_	_	_	_	
181-3	5736-5750	这个时间下午茶太晚晚餐又太早	_	_	_	_	_	_	
181-4	5750-5751	，	_	_	_	_	_	_	
181-5	5751-5765	他一面唾弃学校时间段卡的尴尬	_	_	_	_	_	_	
181-5.1	5751-5752	他	大仓忠义	_	_	_	_	_	
181-6	5765-5766	，	_	_	_	_	_	_	
181-7	5766-5788	一面心里打算盘想正好和哈莉特谈些什么磨磨时间	_	_	_	_	_	_	
181-7.1	5777-5780	哈莉特	哈莉特	_	_	_	_	_	
181-8	5788-5789	—	_	_	_	_	_	_	
181-9	5789-5790	—	_	_	_	_	_	_	
181-10	5790-5799	得到点他关心的情报	_	_	_	_	_	_	
181-10.1	5793-5794	他	大仓忠义	_	_	_	_	_	
181-11	5799-5800	。	_	_	_	_	_	_	

#Text=这个女孩显然不和他在同一频道，她说“您的慷慨邀请真令我感到荣幸之至”，现在在卫生间对着镜子努力整理她那被秋风吹得乌七八糟的淡黄色鬈发。
182-1	5801-5815	这个女孩显然不和他在同一频道	_	_	_	_	_	_	
182-1.1	5801-5805	这个女孩	哈莉特	_	_	_	_	_	
182-1.2	5809-5810	他	大仓忠义	_	_	_	_	_	
182-2	5815-5816	，	_	_	_	_	_	_	
182-3	5816-5818	她说	_	_	_	_	_	_	
182-3.1	5816-5817	她	哈莉特	_	_	_	_	_	
182-4	5818-5819	“	_	_	_	_	_	_	
182-5	5819-5834	您的慷慨邀请真令我感到荣幸之至	_	_	_	_	_	_	
182-5.1	5819-5820	您	大仓忠义	_	_	_	_	_	
182-5.2	5827-5828	我	哈莉特	_	_	_	_	_	
182-6	5834-5835	”	_	_	_	_	_	_	
182-7	5835-5836	，	_	_	_	_	_	_	
182-8	5836-5867	现在在卫生间对着镜子努力整理她那被秋风吹得乌七八糟的淡黄色鬈发	_	_	_	_	_	_	
182-8.1	5850-5851	她	哈莉特	_	_	_	_	_	
182-9	5867-5868	。	_	_	_	_	_	_	

#Text=哈莉特不怎么想和他讲锦户，就算讲了也带着不情愿的神色，为了大仓做出蛮大牺牲似的。
183-1	5869-5881	哈莉特不怎么想和他讲锦户	_	_	_	_	_	_	
183-1.1	5869-5872	哈莉特	哈莉特	_	_	_	_	_	
183-1.2	5877-5878	他	大仓忠义	_	_	_	_	_	
183-1.3	5879-5881	锦户	锦户亮	_	_	_	_	_	
183-2	5881-5882	，	_	_	_	_	_	_	
183-3	5882-5895	就算讲了也带着不情愿的神色	_	_	_	_	_	_	
183-4	5895-5896	，	_	_	_	_	_	_	
183-5	5896-5908	为了大仓做出蛮大牺牲似的	_	_	_	_	_	_	
183-5.1	5898-5900	大仓	大仓忠义	_	_	_	_	_	
183-6	5908-5909	。	_	_	_	_	_	_	

#Text=这他看得出来。
184-1	5909-5915	这他看得出来	_	_	_	_	_	_	
184-1.1	5910-5911	他	大仓忠义	_	_	_	_	_	
184-2	5915-5916	。	_	_	_	_	_	_	

#Text=大仓想这女孩要是因为东洋人的关系那还怎么跟她搞？
185-1	5916-5939	大仓想这女孩要是因为东洋人的关系那还怎么跟她搞	_	_	_	_	_	_	
185-1.1	5916-5918	大仓	大仓忠义	_	_	_	_	_	
185-1.2	5919-5922	这女孩	哈莉特	_	_	_	_	_	
185-1.3	5937-5938	她	哈莉特	_	_	_	_	_	
185-2	5939-5940	？	_	_	_	_	_	_	

#Text=如果不是，那她为什么这么烦锦户亮？
186-1	5940-5944	如果不是	_	_	_	_	_	_	
186-2	5944-5945	，	_	_	_	_	_	_	
186-3	5945-5956	那她为什么这么烦锦户亮	_	_	_	_	_	_	
186-3.1	5946-5947	她	哈莉特	_	_	_	_	_	
186-3.2	5953-5956	锦户亮	锦户亮	_	_	_	_	_	
186-4	5956-5957	？	_	_	_	_	_	_	

#Text=锦户在他家过夜之后的早晨，大仓是被水声吵醒的。
187-1	5958-5970	锦户在他家过夜之后的早晨	_	_	_	_	_	_	
187-1.1	5958-5960	锦户	锦户亮	_	_	_	_	_	
187-1.2	5961-5962	他	大仓忠义	_	_	_	_	_	
187-2	5970-5971	，	_	_	_	_	_	_	
187-3	5971-5980	大仓是被水声吵醒的	_	_	_	_	_	_	
187-3.1	5971-5973	大仓	大仓忠义	_	_	_	_	_	
187-4	5980-5981	。	_	_	_	_	_	_	

#Text=大仓推开卫生间的门，浴缸里面灯火堂皇地站着个人，对着花洒在使劲揉搓自己半边脸颊；一偏头看见他来了，锦户像小兔似的一惊，第一反应是伸手护住自己裸露的上身。
188-1	5982-5991	大仓推开卫生间的门	_	_	_	_	_	_	
188-1.1	5982-5984	大仓	大仓忠义	_	_	_	_	_	
188-2	5991-5992	，	_	_	_	_	_	_	
188-3	5992-6005	浴缸里面灯火堂皇地站着个人	_	_	_	_	_	_	
188-3.1	6003-6005	个人	锦户亮	_	_	_	_	_	
188-4	6005-6006	，	_	_	_	_	_	_	
188-5	6006-6021	对着花洒在使劲揉搓自己半边脸颊	_	_	_	_	_	_	
188-5.1	6015-6017	自己	锦户亮	_	_	_	_	_	
188-6	6021-6022	；	_	_	_	_	_	_	
188-7	6022-6030	一偏头看见他来了	_	_	_	_	_	_	
188-7.1	6027-6028	他	大仓忠义	_	_	_	_	_	
188-8	6030-6031	，	_	_	_	_	_	_	
188-9	6031-6040	锦户像小兔似的一惊	_	_	_	_	_	_	
188-9.1	6031-6033	锦户	锦户亮	_	_	_	_	_	
188-10	6040-6041	，	_	_	_	_	_	_	
188-11	6041-6057	第一反应是伸手护住自己裸露的上身	_	_	_	_	_	_	
188-11.1	6050-6052	自己	锦户亮	_	_	_	_	_	
188-12	6057-6058	。	_	_	_	_	_	_	

#Text=半晌锦户呆立在那儿又觉得没必要，特尴尬地放下手臂，好像这当口应该说点什么：“我那个……好像就这样睡了一晚上。”
189-1	6059-6074	半晌锦户呆立在那儿又觉得没必要	_	_	_	_	_	_	
189-1.1	6061-6063	锦户	锦户亮	_	_	_	_	_	
189-2	6074-6075	，	_	_	_	_	_	_	
189-3	6075-6083	特尴尬地放下手臂	_	_	_	_	_	_	
189-4	6083-6084	，	_	_	_	_	_	_	
189-5	6084-6095	好像这当口应该说点什么	_	_	_	_	_	_	
189-6	6095-6096	：	_	_	_	_	_	_	
189-7	6096-6097	“	_	_	_	_	_	_	
189-8	6097-6100	我那个	_	_	_	_	_	_	
189-8.1	6097-6098	我	锦户亮	_	_	_	_	_	
189-9	6100-6101	…	_	_	_	_	_	_	
189-10	6101-6102	…	_	_	_	_	_	_	
189-11	6102-6112	好像就这样睡了一晚上	_	_	_	_	_	_	
189-12	6112-6113	。	_	_	_	_	_	_	
189-13	6113-6114	”	_	_	_	_	_	_	

#Text=他指着自己打湿的头发。
190-1	6114-6124	他指着自己打湿的头发	_	_	_	_	_	_	
190-1.1	6114-6115	他	锦户亮	_	_	_	_	_	
190-1.2	6117-6119	自己	锦户亮	_	_	_	_	_	
190-2	6124-6125	。	_	_	_	_	_	_	

#Text=大仓立刻明白反思原地悔恨——重大失误，居然忘掉给他事后清洗了，就让锦户亮身上带着jing液体液各种液这么过了一整晚。
191-1	6125-6137	大仓立刻明白反思原地悔恨	_	_	_	_	_	_	
191-1.1	6125-6127	大仓	大仓忠义	_	_	_	_	_	
191-2	6137-6138	—	_	_	_	_	_	_	
191-3	6138-6139	—	_	_	_	_	_	_	
191-4	6139-6143	重大失误	_	_	_	_	_	_	
191-5	6143-6144	，	_	_	_	_	_	_	
191-6	6144-6155	居然忘掉给他事后清洗了	_	_	_	_	_	_	
191-6.1	6149-6150	他	锦户亮	_	_	_	_	_	
191-7	6155-6156	，	_	_	_	_	_	_	
191-8	6156-6165	就让锦户亮身上带着	_	_	_	_	_	_	
191-8.1	6158-6161	锦户亮	锦户亮	_	_	_	_	_	
191-9	6165-6169	jing	_	_	_	_	_	_	
191-10	6169-6182	液体液各种液这么过了一整晚	_	_	_	_	_	_	
191-11	6182-6183	。	_	_	_	_	_	_	

#Text=大仓想他至今从没犯过这样的错，怎么一和男人睡就要出茬子？
192-1	6184-6198	大仓想他至今从没犯过这样的错	_	_	_	_	_	_	
192-1.1	6184-6186	大仓	大仓忠义	_	_	_	_	_	
192-1.2	6187-6188	他	大仓忠义	_	_	_	_	_	
192-2	6198-6199	，	_	_	_	_	_	_	
192-3	6199-6211	怎么一和男人睡就要出茬子	_	_	_	_	_	_	
192-4	6211-6212	？	_	_	_	_	_	_	

#Text=也没先说抱歉，磕磕巴巴地问：“那你——里面——”
#Text=锦户花了几秒钟思考他说的里面是个什么里面。
193-1	6212-6218	也没先说抱歉	_	_	_	_	_	_	
193-2	6218-6219	，	_	_	_	_	_	_	
193-3	6219-6225	磕磕巴巴地问	_	_	_	_	_	_	
193-4	6225-6226	：	_	_	_	_	_	_	
193-5	6226-6227	“	_	_	_	_	_	_	
193-6	6227-6229	那你	_	_	_	_	_	_	
193-6.1	6228-6229	你	锦户亮	_	_	_	_	_	
193-7	6229-6230	—	_	_	_	_	_	_	
193-8	6230-6231	—	_	_	_	_	_	_	
193-9	6231-6233	里面	_	_	_	_	_	_	
193-10	6233-6234	—	_	_	_	_	_	_	
193-11	6234-6235	—	_	_	_	_	_	_	
193-12	6235-6236	”	_	_	_	_	_	_	
193-13	6237-6257	锦户花了几秒钟思考他说的里面是个什么里面	_	_	_	_	_	_	
193-13.1	6237-6239	锦户	锦户亮	_	_	_	_	_	
193-13.2	6246-6247	他	大仓忠义	_	_	_	_	_	
193-14	6257-6258	。	_	_	_	_	_	_	

#Text=大仓小心翼翼地接着：“……没关系吧？”
194-1	6259-6268	大仓小心翼翼地接着	_	_	_	_	_	_	
194-1.1	6259-6261	大仓	大仓忠义	_	_	_	_	_	
194-2	6268-6269	：	_	_	_	_	_	_	
194-3	6269-6270	“	_	_	_	_	_	_	
194-4	6270-6271	…	_	_	_	_	_	_	
194-5	6271-6272	…	_	_	_	_	_	_	
194-6	6272-6276	没关系吧	_	_	_	_	_	_	
194-7	6276-6277	？	_	_	_	_	_	_	
194-8	6277-6278	”	_	_	_	_	_	_	

#Text=“——啊啊没事没事没事……”锦户沉默几秒，抬起手捂脸捂不住两只耳朵窜红，“...你那个，你出去啊……——你站在这里是要看我洗澡？”
195-1	6279-6280	“	_	_	_	_	_	_	
195-2	6280-6281	—	_	_	_	_	_	_	
195-3	6281-6282	—	_	_	_	_	_	_	
195-4	6282-6290	啊啊没事没事没事	_	_	_	_	_	_	
195-5	6290-6291	…	_	_	_	_	_	_	
195-6	6291-6292	…	_	_	_	_	_	_	
195-7	6292-6293	”	_	_	_	_	_	_	
195-8	6293-6299	锦户沉默几秒	_	_	_	_	_	_	
195-8.1	6293-6295	锦户	锦户亮	_	_	_	_	_	
195-9	6299-6300	，	_	_	_	_	_	_	
195-10	6300-6314	抬起手捂脸捂不住两只耳朵窜红	_	_	_	_	_	_	
195-11	6314-6315	，	_	_	_	_	_	_	
195-12	6315-6316	“	_	_	_	_	_	_	
195-13	6316-6317	.	_	_	_	_	_	_	
195-14	6317-6318	.	_	_	_	_	_	_	
195-15	6318-6319	.	_	_	_	_	_	_	
195-16	6319-6322	你那个	_	_	_	_	_	_	
195-16.1	6319-6320	你	大仓忠义	_	_	_	_	_	
195-17	6322-6323	，	_	_	_	_	_	_	
195-18	6323-6327	你出去啊	_	_	_	_	_	_	
195-18.1	6323-6324	你	大仓忠义	_	_	_	_	_	
195-19	6327-6328	…	_	_	_	_	_	_	
195-20	6328-6329	…	_	_	_	_	_	_	
195-21	6329-6330	—	_	_	_	_	_	_	
195-22	6330-6331	—	_	_	_	_	_	_	
195-23	6331-6342	你站在这里是要看我洗澡	_	_	_	_	_	_	
195-23.1	6331-6332	你	大仓忠义	_	_	_	_	_	
195-23.2	6339-6340	我	锦户亮	_	_	_	_	_	
195-24	6342-6343	？	_	_	_	_	_	_	
195-25	6343-6344	”	_	_	_	_	_	_	

#Text=“忠义先生？”
196-1	6345-6346	“	_	_	_	_	_	_	
196-2	6346-6350	忠义先生	大仓忠义	_	_	_	_	_	
196-3	6350-6351	？	_	_	_	_	_	_	
196-4	6351-6352	”	_	_	_	_	_	_	

#Text=哈莉特这回把头发高高盘起来，手上端着两杯摩卡疑惑地问他。
197-1	6353-6366	哈莉特这回把头发高高盘起来	_	_	_	_	_	_	
197-1.1	6353-6356	哈莉特	哈莉特	_	_	_	_	_	
197-2	6366-6367	，	_	_	_	_	_	_	
197-3	6367-6380	手上端着两杯摩卡疑惑地问他	_	_	_	_	_	_	
197-3.1	6379-6380	他	大仓忠义	_	_	_	_	_	
197-4	6380-6381	。	_	_	_	_	_	_	

#Text=大仓赶紧摆摆手表示没事。
198-1	6382-6393	大仓赶紧摆摆手表示没事	_	_	_	_	_	_	
198-1.1	6382-6384	大仓	大仓忠义	_	_	_	_	_	
198-2	6393-6394	。	_	_	_	_	_	_	

#Text=“您心事真挺重。”
199-1	6394-6395	“	_	_	_	_	_	_	
199-2	6395-6401	您心事真挺重	_	_	_	_	_	_	
199-2.1	6395-6396	您	大仓忠义	_	_	_	_	_	
199-3	6401-6402	。	_	_	_	_	_	_	
199-4	6402-6403	”	_	_	_	_	_	_	

#Text=哈莉特评价道。
200-1	6403-6409	哈莉特评价道	_	_	_	_	_	_	
200-1.1	6403-6406	哈莉特	哈莉特	_	_	_	_	_	
200-2	6409-6410	。	_	_	_	_	_	_	

#Text=兴许那段时间纵欲过度，导致记忆都出现紊乱，想起这个大仓更觉得蹊跷无比，都这样了锦户亮怎么可能认不出他。
201-1	6411-6421	兴许那段时间纵欲过度	_	_	_	_	_	_	
201-2	6421-6422	，	_	_	_	_	_	_	
201-3	6422-6431	导致记忆都出现紊乱	_	_	_	_	_	_	
201-4	6431-6432	，	_	_	_	_	_	_	
201-5	6432-6445	想起这个大仓更觉得蹊跷无比	_	_	_	_	_	_	
201-5.1	6436-6438	大仓	大仓忠义	_	_	_	_	_	
201-6	6445-6446	，	_	_	_	_	_	_	
201-7	6446-6461	都这样了锦户亮怎么可能认不出他	_	_	_	_	_	_	
201-7.1	6450-6453	锦户亮	锦户亮	_	_	_	_	_	
201-7.2	6460-6461	他	大仓忠义	_	_	_	_	_	
201-8	6461-6462	。	_	_	_	_	_	_	

#Text=他理解现在敏感时期，同性恋爱争议非常大，一方面是上流社会男性的隐秘玩法、灰色地带，一方面平民阶层里也渐渐出现同性恋者发声维权，对这回事接受与否成了全国上下都在探讨的论题。
202-1	6463-6472	他理解现在敏感时期	_	_	_	_	_	_	
202-1.1	6463-6464	他	大仓忠义	_	_	_	_	_	
202-2	6472-6473	，	_	_	_	_	_	_	
202-3	6473-6482	同性恋爱争议非常大	_	_	_	_	_	_	
202-4	6482-6483	，	_	_	_	_	_	_	
202-5	6483-6498	一方面是上流社会男性的隐秘玩法	_	_	_	_	_	_	
202-5.1	6487-6493	上流社会男性	上流社会男性	_	_	_	_	_	
202-6	6498-6499	、	_	_	_	_	_	_	
202-7	6499-6503	灰色地带	_	_	_	_	_	_	
202-8	6503-6504	，	_	_	_	_	_	_	
202-9	6504-6525	一方面平民阶层里也渐渐出现同性恋者发声维权	_	_	_	_	_	_	
202-9.1	6517-6521	同性恋者	同性恋者	_	_	_	_	_	
202-10	6525-6526	，	_	_	_	_	_	_	
202-11	6526-6547	对这回事接受与否成了全国上下都在探讨的论题	_	_	_	_	_	_	
202-12	6547-6548	。	_	_	_	_	_	_	

#Text=过激的人是异常过激，当成病来治。
203-1	6549-6558	过激的人是异常过激	_	_	_	_	_	_	
203-1.1	6549-6553	过激的人	过激的人	_	_	_	_	_	
203-2	6558-6559	，	_	_	_	_	_	_	
203-3	6559-6564	当成病来治	_	_	_	_	_	_	
203-4	6564-6565	。	_	_	_	_	_	_	

#Text=议院对此态度模糊、观点变化无常，非要说的话直接对同性恋定罪判刑的条例也只是五年多前才撤除的。
204-1	6565-6573	议院对此态度模糊	_	_	_	_	_	_	
204-1.1	6565-6567	议院	议院	_	_	_	_	_	
204-2	6573-6574	、	_	_	_	_	_	_	
204-3	6574-6580	观点变化无常	_	_	_	_	_	_	
204-4	6580-6581	，	_	_	_	_	_	_	
204-5	6581-6610	非要说的话直接对同性恋定罪判刑的条例也只是五年多前才撤除的	_	_	_	_	_	_	
204-5.1	6589-6592	同性恋	同性恋者	_	_	_	_	_	
204-6	6610-6611	。	_	_	_	_	_	_	

#Text=要不是他家境显赫——大仓不得不说这句异常惹人嫉恨的话，他也不敢搅这趟浑水。
205-1	6611-6619	要不是他家境显赫	_	_	_	_	_	_	
205-1.1	6614-6615	他	大仓忠义	_	_	_	_	_	
205-2	6619-6620	—	_	_	_	_	_	_	
205-3	6620-6621	—	_	_	_	_	_	_	
205-4	6621-6637	大仓不得不说这句异常惹人嫉恨的话	_	_	_	_	_	_	
205-4.1	6621-6623	大仓	大仓忠义	_	_	_	_	_	
205-5	6637-6638	，	_	_	_	_	_	_	
205-6	6638-6647	他也不敢搅这趟浑水	_	_	_	_	_	_	
205-6.1	6638-6639	他	大仓忠义	_	_	_	_	_	
205-7	6647-6648	。	_	_	_	_	_	_	

#Text=一旦被知道，锦户亮更是随时有可能丢掉饭碗。
206-1	6649-6654	一旦被知道	_	_	_	_	_	_	
206-2	6654-6655	，	_	_	_	_	_	_	
206-3	6655-6669	锦户亮更是随时有可能丢掉饭碗	_	_	_	_	_	_	
206-3.1	6655-6658	锦户亮	锦户亮	_	_	_	_	_	
206-4	6669-6670	。	_	_	_	_	_	_	

#Text=但是防范戒备到这地步，对大仓忠义能装成完全初次见面的样子也实属厉害。
207-1	6671-6681	但是防范戒备到这地步	_	_	_	_	_	_	
207-2	6681-6682	，	_	_	_	_	_	_	
207-3	6682-6704	对大仓忠义能装成完全初次见面的样子也实属厉害	_	_	_	_	_	_	
207-3.1	6683-6687	大仓忠义	大仓忠义	_	_	_	_	_	
207-4	6704-6705	。	_	_	_	_	_	_	

#Text=“锦户先生学过表演吗？”
208-1	6706-6707	“	_	_	_	_	_	_	
208-2	6707-6716	锦户先生学过表演吗	_	_	_	_	_	_	
208-2.1	6707-6711	锦户先生	锦户亮	_	_	_	_	_	
208-3	6716-6717	？	_	_	_	_	_	_	
208-4	6717-6718	”	_	_	_	_	_	_	

#Text=这问题没头没脑，哈莉特疑惑地停下喝咖啡的动作，“......我不知道，或许学过？”
209-1	6719-6726	这问题没头没脑	_	_	_	_	_	_	
209-2	6726-6727	，	_	_	_	_	_	_	
209-3	6727-6741	哈莉特疑惑地停下喝咖啡的动作	_	_	_	_	_	_	
209-3.1	6727-6730	哈莉特	哈莉特	_	_	_	_	_	
209-4	6741-6742	，	_	_	_	_	_	_	
209-5	6742-6743	“	_	_	_	_	_	_	
209-6	6743-6744	.	_	_	_	_	_	_	
209-7	6744-6745	.	_	_	_	_	_	_	
209-8	6745-6746	.	_	_	_	_	_	_	
209-9	6746-6747	.	_	_	_	_	_	_	
209-10	6747-6748	.	_	_	_	_	_	_	
209-11	6748-6749	.	_	_	_	_	_	_	
209-12	6749-6753	我不知道	_	_	_	_	_	_	
209-12.1	6749-6750	我	哈莉特	_	_	_	_	_	
209-13	6753-6754	，	_	_	_	_	_	_	
209-14	6754-6758	或许学过	_	_	_	_	_	_	
209-15	6758-6759	？	_	_	_	_	_	_	
209-16	6759-6760	”	_	_	_	_	_	_	

#Text=／
#Text=莎士比亚真的很有意思，大仓买了两大沓书回来废寝忘食恶补，读了没一半就感到自己文思泉涌有满嘴的话要讲出来对他赞美或批评。
210-1	6761-6762	／	_	_	_	_	_	_	
210-2	6763-6773	莎士比亚真的很有意思	_	_	_	_	_	_	
210-2.1	6763-6767	莎士比亚	莎士比亚	_	_	_	_	_	
210-3	6773-6774	，	_	_	_	_	_	_	
210-4	6774-6790	大仓买了两大沓书回来废寝忘食恶补	_	_	_	_	_	_	
210-4.1	6774-6776	大仓	大仓忠义	_	_	_	_	_	
210-5	6790-6791	，	_	_	_	_	_	_	
210-6	6791-6821	读了没一半就感到自己文思泉涌有满嘴的话要讲出来对他赞美或批评	_	_	_	_	_	_	
210-6.1	6799-6801	自己	大仓忠义	_	_	_	_	_	
210-6.2	6815-6816	他	莎士比亚	_	_	_	_	_	
210-7	6821-6822	。	_	_	_	_	_	_	

#Text=一切的起因只不过是他答不上题来的时候，锦户亮一种遗憾又有点奚落的表情，大仓当时的伤心程度或许比他亲爸死了还难过。
211-1	6823-6841	一切的起因只不过是他答不上题来的时候	_	_	_	_	_	_	
211-1.1	6832-6833	他	大仓忠义	_	_	_	_	_	
211-2	6841-6842	，	_	_	_	_	_	_	
211-3	6842-6857	锦户亮一种遗憾又有点奚落的表情	_	_	_	_	_	_	
211-3.1	6842-6845	锦户亮	锦户亮	_	_	_	_	_	
211-4	6857-6858	，	_	_	_	_	_	_	
211-5	6858-6878	大仓当时的伤心程度或许比他亲爸死了还难过	_	_	_	_	_	_	
211-5.1	6858-6860	大仓	大仓忠义	_	_	_	_	_	
211-5.2	6870-6873	他亲爸	大仓忠义的父亲	_	_	_	_	_	
211-5.3	6870-6871	他	大仓忠义	_	_	_	_	_	
211-6	6878-6879	。	_	_	_	_	_	_	

#Text=当然也不能这么咒他的父亲，钱是他给打，学是他让上，虽说缺点也挺多，比如催婚，比如至今还只写信不打电话。
212-1	6879-6891	当然也不能这么咒他的父亲	_	_	_	_	_	_	
212-1.1	6887-6891	他的父亲	大仓忠义的父亲	_	_	_	_	_	
212-1.2	6887-6888	他	大仓忠义	_	_	_	_	_	
212-2	6891-6892	，	_	_	_	_	_	_	
212-3	6892-6897	钱是他给打	_	_	_	_	_	_	
212-3.1	6894-6895	他	大仓忠义的父亲	_	_	_	_	_	
212-4	6897-6898	，	_	_	_	_	_	_	
212-5	6898-6903	学是他让上	_	_	_	_	_	_	
212-5.1	6900-6901	他	大仓忠义的父亲	_	_	_	_	_	
212-6	6903-6904	，	_	_	_	_	_	_	
212-7	6904-6911	虽说缺点也挺多	_	_	_	_	_	_	
212-8	6911-6912	，	_	_	_	_	_	_	
212-9	6912-6916	比如催婚	_	_	_	_	_	_	
212-10	6916-6917	，	_	_	_	_	_	_	
212-11	6917-6929	比如至今还只写信不打电话	_	_	_	_	_	_	
212-12	6929-6930	。	_	_	_	_	_	_	

#Text=再比如这两个加到一起。
213-1	6931-6941	再比如这两个加到一起	_	_	_	_	_	_	
213-2	6941-6942	。	_	_	_	_	_	_	

#Text=“大仓忠义白谕”，“展读琅函，甚感盛意”，大仓翻过前面一页直接把这种繁琐复杂的客气古语视为无物。
214-1	6943-6944	“	_	_	_	_	_	_	
214-2	6944-6950	大仓忠义白谕	_	_	_	_	_	_	
214-2.1	6944-6948	大仓忠义	大仓忠义	_	_	_	_	_	
214-3	6950-6951	”	_	_	_	_	_	_	
214-4	6951-6952	，	_	_	_	_	_	_	
214-5	6952-6953	“	_	_	_	_	_	_	
214-6	6953-6957	展读琅函	_	_	_	_	_	_	
214-7	6957-6958	，	_	_	_	_	_	_	
214-8	6958-6962	甚感盛意	_	_	_	_	_	_	
214-9	6962-6963	”	_	_	_	_	_	_	
214-10	6963-6964	，	_	_	_	_	_	_	
214-11	6964-6990	大仓翻过前面一页直接把这种繁琐复杂的客气古语视为无物	_	_	_	_	_	_	
214-11.1	6964-6966	大仓	大仓忠义	_	_	_	_	_	
214-12	6990-6991	。	_	_	_	_	_	_	

#Text=整封看上去就是只有闲人才写的出的唠叨长信只有一个高光亮点是他爸真正想说的：什么时候带女孩子回家。
215-1	6991-7027	整封看上去就是只有闲人才写的出的唠叨长信只有一个高光亮点是他爸真正想说的	_	_	_	_	_	_	
215-1.1	7000-7002	闲人	大仓忠义的父亲	_	_	_	_	_	
215-1.2	7020-7022	他爸	大仓忠义的父亲	_	_	_	_	_	
215-1.3	7020-7021	他	大仓忠义	_	_	_	_	_	
215-2	7027-7028	：	_	_	_	_	_	_	
215-3	7028-7038	什么时候带女孩子回家	_	_	_	_	_	_	
215-4	7038-7039	。	_	_	_	_	_	_	

#Text=换以前大仓要是在打电话就冲那头大喊一句“不可能”然后从容地摔话筒秒挂。
216-1	7040-7059	换以前大仓要是在打电话就冲那头大喊一句	_	_	_	_	_	_	
216-1.1	7043-7045	大仓	大仓忠义	_	_	_	_	_	
216-2	7059-7060	“	_	_	_	_	_	_	
216-3	7060-7063	不可能	_	_	_	_	_	_	
216-4	7063-7064	”	_	_	_	_	_	_	
216-5	7064-7074	然后从容地摔话筒秒挂	_	_	_	_	_	_	
216-6	7074-7075	。	_	_	_	_	_	_	

#Text=但现在不一样了——一切都蒸蒸日上，新生活的呐喊如鲠在喉，昨天刚发还回来的摘抄作业本上锦户终于给他红笔批了个A，一旁写了一句“加油        ——锦户亮”。
217-1	7075-7082	但现在不一样了	_	_	_	_	_	_	
217-2	7082-7083	—	_	_	_	_	_	_	
217-3	7083-7084	—	_	_	_	_	_	_	
217-4	7084-7091	一切都蒸蒸日上	_	_	_	_	_	_	
217-5	7091-7092	，	_	_	_	_	_	_	
217-6	7092-7102	新生活的呐喊如鲠在喉	_	_	_	_	_	_	
217-7	7102-7103	，	_	_	_	_	_	_	
217-8	7103-7128	昨天刚发还回来的摘抄作业本上锦户终于给他红笔批了个	_	_	_	_	_	_	
217-8.1	7117-7119	锦户	锦户亮	_	_	_	_	_	
217-8.2	7122-7123	他	大仓忠义	_	_	_	_	_	
217-9	7128-7129	A	_	_	_	_	_	_	
217-10	7129-7130	，	_	_	_	_	_	_	
217-11	7130-7136	一旁写了一句	_	_	_	_	_	_	
217-12	7136-7137	“	_	_	_	_	_	_	
217-13	7137-7139	加油	_	_	_	_	_	_	
217-14	7147-7148	—	_	_	_	_	_	_	
217-15	7148-7149	—	_	_	_	_	_	_	
217-16	7149-7152	锦户亮	锦户亮	_	_	_	_	_	
217-17	7152-7153	”	_	_	_	_	_	_	
217-18	7153-7154	。	_	_	_	_	_	_	

#Text=他坐在底下憋不住兴奋的表情，一颗千方百计争第一的雄心回到了比小学生都久远的、他家保姆还在喂他吃饭的儿童时代。
218-1	7154-7167	他坐在底下憋不住兴奋的表情	_	_	_	_	_	_	
218-1.1	7154-7155	他	大仓忠义	_	_	_	_	_	
218-2	7167-7168	，	_	_	_	_	_	_	
218-3	7168-7191	一颗千方百计争第一的雄心回到了比小学生都久远的	_	_	_	_	_	_	
218-4	7191-7192	、	_	_	_	_	_	_	
218-5	7192-7207	他家保姆还在喂他吃饭的儿童时代	_	_	_	_	_	_	
218-5.1	7192-7196	他家保姆	大仓忠义的保姆	_	_	_	_	_	
218-5.2	7192-7193	他	大仓忠义	_	_	_	_	_	
218-5.3	7199-7200	他	大仓忠义	_	_	_	_	_	
218-6	7207-7208	。	_	_	_	_	_	_	

#Text=这就是所谓的叫做，什么的力量呢——爱情的力量——或者差不多的别的什么东西。
219-1	7209-7217	这就是所谓的叫做	_	_	_	_	_	_	
219-2	7217-7218	，	_	_	_	_	_	_	
219-3	7218-7224	什么的力量呢	_	_	_	_	_	_	
219-4	7224-7225	—	_	_	_	_	_	_	
219-5	7225-7226	—	_	_	_	_	_	_	
219-6	7226-7231	爱情的力量	_	_	_	_	_	_	
219-7	7231-7232	—	_	_	_	_	_	_	
219-8	7232-7233	—	_	_	_	_	_	_	
219-9	7233-7245	或者差不多的别的什么东西	_	_	_	_	_	_	
219-10	7245-7246	。	_	_	_	_	_	_	

#Text=他被这个想法吓到，大仓揉揉头发，渴望透过皮层直接激醒自己的大脑：锦户亮结婚了。
220-1	7247-7255	他被这个想法吓到	_	_	_	_	_	_	
220-1.1	7247-7248	他	大仓忠义	_	_	_	_	_	
220-2	7255-7256	，	_	_	_	_	_	_	
220-3	7256-7262	大仓揉揉头发	_	_	_	_	_	_	
220-3.1	7256-7258	大仓	大仓忠义	_	_	_	_	_	
220-4	7262-7263	，	_	_	_	_	_	_	
220-5	7263-7278	渴望透过皮层直接激醒自己的大脑	_	_	_	_	_	_	
220-5.1	7273-7275	自己	大仓忠义	_	_	_	_	_	
220-6	7278-7279	：	_	_	_	_	_	_	
220-7	7279-7285	锦户亮结婚了	_	_	_	_	_	_	
220-7.1	7279-7282	锦户亮	锦户亮	_	_	_	_	_	
220-8	7285-7286	。	_	_	_	_	_	_	

#Text=理所当然的事，他有点失落，做着锦户亮布置的作业，方才意识到自己没有这个失落的立场和资格。
221-1	7287-7293	理所当然的事	_	_	_	_	_	_	
221-2	7293-7294	，	_	_	_	_	_	_	
221-3	7294-7299	他有点失落	_	_	_	_	_	_	
221-3.1	7294-7295	他	大仓忠义	_	_	_	_	_	
221-4	7299-7300	，	_	_	_	_	_	_	
221-5	7300-7310	做着锦户亮布置的作业	_	_	_	_	_	_	
221-5.1	7302-7305	锦户亮	锦户亮	_	_	_	_	_	
221-6	7310-7311	，	_	_	_	_	_	_	
221-7	7311-7330	方才意识到自己没有这个失落的立场和资格	_	_	_	_	_	_	
221-7.1	7316-7318	自己	大仓忠义	_	_	_	_	_	
221-8	7330-7331	。	_	_	_	_	_	_	

#Text=所以当时锦户没有认出他他又在失落什么呢？
222-1	7332-7351	所以当时锦户没有认出他他又在失落什么呢	_	_	_	_	_	_	
222-1.1	7336-7338	锦户	锦户亮	_	_	_	_	_	
222-1.2	7342-7343	他	大仓忠义	_	_	_	_	_	
222-1.3	7343-7344	他	大仓忠义	_	_	_	_	_	
222-2	7351-7352	？	_	_	_	_	_	_	

#Text=应该庆幸事情不被暴露，他遇到一个口风严密演技拔群的优质床伴，只不过这个床伴——可能只是一次性炮友——正好是他的老师。
223-1	7352-7362	应该庆幸事情不被暴露	_	_	_	_	_	_	
223-2	7362-7363	，	_	_	_	_	_	_	
223-3	7363-7381	他遇到一个口风严密演技拔群的优质床伴	_	_	_	_	_	_	
223-3.1	7363-7364	他	大仓忠义	_	_	_	_	_	
223-3.2	7366-7381	一个口风严密演技拔群的优质床伴	锦户亮	_	_	_	_	_	
223-4	7381-7382	，	_	_	_	_	_	_	
223-5	7382-7389	只不过这个床伴	_	_	_	_	_	_	
223-5.1	7385-7389	这个床伴	锦户亮	_	_	_	_	_	
223-6	7389-7390	—	_	_	_	_	_	_	
223-7	7390-7391	—	_	_	_	_	_	_	
223-8	7391-7400	可能只是一次性炮友	_	_	_	_	_	_	
223-8.1	7395-7400	一次性炮友	锦户亮	_	_	_	_	_	
223-9	7400-7401	—	_	_	_	_	_	_	
223-10	7401-7402	—	_	_	_	_	_	_	
223-11	7402-7409	正好是他的老师	_	_	_	_	_	_	
223-11.1	7405-7409	他的老师	锦户亮	_	_	_	_	_	
223-11.2	7405-7406	他	大仓忠义	_	_	_	_	_	
223-12	7409-7410	。	_	_	_	_	_	_	

#Text=“但你说他是同性恋。”
224-1	7411-7412	“	_	_	_	_	_	_	
224-2	7412-7420	但你说他是同性恋	_	_	_	_	_	_	
224-2.1	7413-7414	你	哈莉特	_	_	_	_	_	
224-2.2	7415-7416	他	锦户亮	_	_	_	_	_	
224-3	7420-7421	。	_	_	_	_	_	_	
224-4	7421-7422	”	_	_	_	_	_	_	

#Text=“别提这个词。”
225-1	7423-7424	“	_	_	_	_	_	_	
225-2	7424-7429	别提这个词	_	_	_	_	_	_	
225-3	7429-7430	。	_	_	_	_	_	_	
225-4	7430-7431	”	_	_	_	_	_	_	

#Text=哈莉特咬着嘴唇。
226-1	7431-7438	哈莉特咬着嘴唇	_	_	_	_	_	_	
226-1.1	7431-7434	哈莉特	哈莉特	_	_	_	_	_	
226-2	7438-7439	。	_	_	_	_	_	_	

#Text=“那他......有孩子了吗？”
227-1	7440-7441	“	_	_	_	_	_	_	
227-2	7441-7443	那他	_	_	_	_	_	_	
227-2.1	7442-7443	他	锦户亮	_	_	_	_	_	
227-3	7443-7444	.	_	_	_	_	_	_	
227-4	7444-7445	.	_	_	_	_	_	_	
227-5	7445-7446	.	_	_	_	_	_	_	
227-6	7446-7447	.	_	_	_	_	_	_	
227-7	7447-7448	.	_	_	_	_	_	_	
227-8	7448-7449	.	_	_	_	_	_	_	
227-9	7449-7454	有孩子了吗	_	_	_	_	_	_	
227-10	7454-7455	？	_	_	_	_	_	_	
227-11	7455-7456	”	_	_	_	_	_	_	

#Text=大仓把脸藏在咖啡杯后面，做好最坏的打算。
228-1	7457-7468	大仓把脸藏在咖啡杯后面	_	_	_	_	_	_	
228-1.1	7457-7459	大仓	大仓忠义	_	_	_	_	_	
228-2	7468-7469	，	_	_	_	_	_	_	
228-3	7469-7476	做好最坏的打算	_	_	_	_	_	_	
228-4	7476-7477	。	_	_	_	_	_	_	

#Text=“没有，你知道的，——没钱。”
229-1	7478-7479	“	_	_	_	_	_	_	
229-2	7479-7481	没有	_	_	_	_	_	_	
229-3	7481-7482	，	_	_	_	_	_	_	
229-4	7482-7486	你知道的	_	_	_	_	_	_	
229-4.1	7482-7483	你	大仓忠义	_	_	_	_	_	
229-5	7486-7487	，	_	_	_	_	_	_	
229-6	7487-7488	—	_	_	_	_	_	_	
229-7	7488-7489	—	_	_	_	_	_	_	
229-8	7489-7491	没钱	_	_	_	_	_	_	
229-9	7491-7492	。	_	_	_	_	_	_	
229-10	7492-7493	”	_	_	_	_	_	_	

#Text=锦户确实穷，但穷而不露怯，穷的很坦荡。
230-1	7494-7499	锦户确实穷	_	_	_	_	_	_	
230-1.1	7494-7496	锦户	锦户亮	_	_	_	_	_	
230-2	7499-7500	，	_	_	_	_	_	_	
230-3	7500-7506	但穷而不露怯	_	_	_	_	_	_	
230-4	7506-7507	，	_	_	_	_	_	_	
230-5	7507-7512	穷的很坦荡	_	_	_	_	_	_	
230-6	7512-7513	。	_	_	_	_	_	_	

#Text=大衣只有两个样式，内搭领子三种颜色，他也就那么穿，几乎撑起大半场面的金丝眼镜也是黄铜的——想来怎么可能是金的？
231-1	7513-7521	大衣只有两个样式	_	_	_	_	_	_	
231-2	7521-7522	，	_	_	_	_	_	_	
231-3	7522-7530	内搭领子三种颜色	_	_	_	_	_	_	
231-4	7530-7531	，	_	_	_	_	_	_	
231-5	7531-7537	他也就那么穿	_	_	_	_	_	_	
231-5.1	7531-7532	他	锦户亮	_	_	_	_	_	
231-6	7537-7538	，	_	_	_	_	_	_	
231-7	7538-7556	几乎撑起大半场面的金丝眼镜也是黄铜的	_	_	_	_	_	_	
231-8	7556-7557	—	_	_	_	_	_	_	
231-9	7557-7558	—	_	_	_	_	_	_	
231-10	7558-7567	想来怎么可能是金的	_	_	_	_	_	_	
231-11	7567-7568	？	_	_	_	_	_	_	

#Text=“穷的人有一种不想让别人看出来穷的心病。
232-1	7569-7570	“	_	_	_	_	_	_	
232-2	7570-7588	穷的人有一种不想让别人看出来穷的心病	_	_	_	_	_	_	
232-2.1	7570-7573	穷的人	穷的人	_	_	_	_	_	
232-3	7588-7589	。	_	_	_	_	_	_	

#Text=——我是这样。”
233-1	7589-7590	—	_	_	_	_	_	_	
233-2	7590-7591	—	_	_	_	_	_	_	
233-3	7591-7595	我是这样	_	_	_	_	_	_	
233-3.1	7591-7592	我	哈莉特	_	_	_	_	_	
233-4	7595-7596	。	_	_	_	_	_	_	
233-5	7596-7597	”	_	_	_	_	_	_	

#Text=哈莉特说着低头窘迫地抚平自己膝盖上裙子的皱褶。
234-1	7597-7619	哈莉特说着低头窘迫地抚平自己膝盖上裙子的皱褶	_	_	_	_	_	_	
234-1.1	7597-7600	哈莉特	哈莉特	_	_	_	_	_	
234-1.2	7609-7611	自己	哈莉特	_	_	_	_	_	
234-2	7619-7620	。	_	_	_	_	_	_	

#Text=大仓觉得富有也不是完全的快乐，像他现在就有点为自己的有钱感到抱歉。
235-1	7621-7635	大仓觉得富有也不是完全的快乐	_	_	_	_	_	_	
235-1.1	7621-7623	大仓	大仓忠义	_	_	_	_	_	
235-2	7635-7636	，	_	_	_	_	_	_	
235-3	7636-7653	像他现在就有点为自己的有钱感到抱歉	_	_	_	_	_	_	
235-3.1	7637-7638	他	大仓忠义	_	_	_	_	_	
235-3.2	7644-7646	自己	大仓忠义	_	_	_	_	_	
235-4	7653-7654	。	_	_	_	_	_	_	

#Text=“为什么没钱？”
236-1	7655-7656	“	_	_	_	_	_	_	
236-2	7656-7661	为什么没钱	_	_	_	_	_	_	
236-3	7661-7662	？	_	_	_	_	_	_	
236-4	7662-7663	”	_	_	_	_	_	_	

#Text=“要贷款。
237-1	7664-7665	“	_	_	_	_	_	_	
237-2	7665-7668	要贷款	_	_	_	_	_	_	
237-3	7668-7669	。	_	_	_	_	_	_	

#Text=——我说的是他，”哈莉特笑了笑，笑得很虚弱。
238-1	7669-7670	—	_	_	_	_	_	_	
238-2	7670-7671	—	_	_	_	_	_	_	
238-3	7671-7676	我说的是他	_	_	_	_	_	_	
238-3.1	7671-7672	我	哈莉特	_	_	_	_	_	
238-3.2	7675-7676	他	锦户亮	_	_	_	_	_	
238-4	7676-7677	，	_	_	_	_	_	_	
238-5	7677-7678	”	_	_	_	_	_	_	
238-6	7678-7684	哈莉特笑了笑	_	_	_	_	_	_	
238-6.1	7678-7681	哈莉特	哈莉特	_	_	_	_	_	
238-7	7684-7685	，	_	_	_	_	_	_	
238-8	7685-7690	笑得很虚弱	_	_	_	_	_	_	
238-9	7690-7691	。	_	_	_	_	_	_	

#Text=“贷款买房，现在的地段太不行了，半独栋都算不上，隔了几幢楼就是工厂区..."
239-1	7691-7692	“	_	_	_	_	_	_	
239-2	7692-7696	贷款买房	_	_	_	_	_	_	
239-3	7696-7697	，	_	_	_	_	_	_	
239-4	7697-7706	现在的地段太不行了	_	_	_	_	_	_	
239-5	7706-7707	，	_	_	_	_	_	_	
239-6	7707-7714	半独栋都算不上	_	_	_	_	_	_	
239-7	7714-7715	，	_	_	_	_	_	_	
239-8	7715-7725	隔了几幢楼就是工厂区	_	_	_	_	_	_	
239-9	7725-7726	.	_	_	_	_	_	_	
239-10	7726-7727	.	_	_	_	_	_	_	
239-11	7727-7728	.	_	_	_	_	_	_	
239-12	7728-7729	"	_	_	_	_	_	_	

#Text=她讲到这一下子僵硬地打住了。
240-1	7729-7742	她讲到这一下子僵硬地打住了	_	_	_	_	_	_	
240-1.1	7729-7730	她	哈莉特	_	_	_	_	_	
240-2	7742-7743	。	_	_	_	_	_	_	

#Text=“你知道真多。”
241-1	7744-7745	“	_	_	_	_	_	_	
241-2	7745-7750	你知道真多	_	_	_	_	_	_	
241-2.1	7745-7746	你	哈莉特	_	_	_	_	_	
241-3	7750-7751	。	_	_	_	_	_	_	
241-4	7751-7752	”	_	_	_	_	_	_	

#Text=“对不起。”
242-1	7753-7754	“	_	_	_	_	_	_	
242-2	7754-7757	对不起	_	_	_	_	_	_	
242-3	7757-7758	。	_	_	_	_	_	_	
242-4	7758-7759	”	_	_	_	_	_	_	

#Text=她突然来了一句。
243-1	7759-7766	她突然来了一句	_	_	_	_	_	_	
243-1.1	7759-7760	她	哈莉特	_	_	_	_	_	
243-2	7766-7767	。	_	_	_	_	_	_	

#Text=“道什么歉？”
244-1	7768-7769	“	_	_	_	_	_	_	
244-2	7769-7773	道什么歉	_	_	_	_	_	_	
244-3	7773-7774	？	_	_	_	_	_	_	
244-4	7774-7775	”	_	_	_	_	_	_	

#Text=“没什么。
245-1	7776-7777	“	_	_	_	_	_	_	
245-2	7777-7780	没什么	_	_	_	_	_	_	
245-3	7780-7781	。	_	_	_	_	_	_	

#Text=你对他也真感兴趣。”
246-1	7781-7789	你对他也真感兴趣	_	_	_	_	_	_	
246-1.1	7781-7782	你	大仓忠义	_	_	_	_	_	
246-1.2	7783-7784	他	锦户亮	_	_	_	_	_	
246-2	7789-7790	。	_	_	_	_	_	_	
246-3	7790-7791	”	_	_	_	_	_	_	

#Text=大仓也不否认。
247-1	7792-7798	大仓也不否认	_	_	_	_	_	_	
247-1.1	7792-7794	大仓	大仓忠义	_	_	_	_	_	
247-2	7798-7799	。	_	_	_	_	_	_	

#Text=哈莉特这时候喝着摩卡在沉思的状态很神经质，他看着有种没来由的戒惧。
248-1	7799-7819	哈莉特这时候喝着摩卡在沉思的状态很神经质	_	_	_	_	_	_	
248-1.1	7799-7802	哈莉特	哈莉特	_	_	_	_	_	
248-2	7819-7820	，	_	_	_	_	_	_	
248-3	7820-7831	他看着有种没来由的戒惧	_	_	_	_	_	_	
248-3.1	7820-7821	他	大仓忠义	_	_	_	_	_	
248-4	7831-7832	。	_	_	_	_	_	_	

#Text=“但是我劝你不要。
249-1	7833-7834	“	_	_	_	_	_	_	
249-2	7834-7841	但是我劝你不要	_	_	_	_	_	_	
249-2.1	7836-7837	我	哈莉特	_	_	_	_	_	
249-2.2	7838-7839	你	大仓忠义	_	_	_	_	_	
249-3	7841-7842	。	_	_	_	_	_	_	

#Text=不要和他扯上关系。
250-1	7842-7850	不要和他扯上关系	_	_	_	_	_	_	
250-1.1	7845-7846	他	锦户亮	_	_	_	_	_	
250-2	7850-7851	。	_	_	_	_	_	_	

#Text=他不是你想的那种优秀的人，我自己来上这课，是因为心疼付掉的学费。
251-1	7851-7863	他不是你想的那种优秀的人	_	_	_	_	_	_	
251-1.1	7851-7852	他	锦户亮	_	_	_	_	_	
251-1.2	7854-7855	你	大仓忠义	_	_	_	_	_	
251-2	7863-7864	，	_	_	_	_	_	_	
251-3	7864-7871	我自己来上这课	_	_	_	_	_	_	
251-3.1	7864-7867	我自己	哈莉特	_	_	_	_	_	
251-4	7871-7872	，	_	_	_	_	_	_	
251-5	7872-7882	是因为心疼付掉的学费	_	_	_	_	_	_	
251-6	7882-7883	。	_	_	_	_	_	_	

#Text=——我先走了忠义先生，谢谢你的咖啡。
252-1	7883-7884	—	_	_	_	_	_	_	
252-2	7884-7885	—	_	_	_	_	_	_	
252-3	7885-7893	我先走了忠义先生	_	_	_	_	_	_	
252-3.1	7885-7886	我	哈莉特	_	_	_	_	_	
252-3.2	7889-7893	忠义先生	大仓忠义	_	_	_	_	_	
252-4	7893-7894	，	_	_	_	_	_	_	
252-5	7894-7900	谢谢你的咖啡	_	_	_	_	_	_	
252-5.1	7896-7897	你	大仓忠义	_	_	_	_	_	
252-6	7900-7901	。	_	_	_	_	_	_	

#Text=祝你学习愉快——学习顺利——再见。”
253-1	7901-7907	祝你学习愉快	_	_	_	_	_	_	
253-1.1	7902-7903	你	大仓忠义	_	_	_	_	_	
253-2	7907-7908	—	_	_	_	_	_	_	
253-3	7908-7909	—	_	_	_	_	_	_	
253-4	7909-7913	学习顺利	_	_	_	_	_	_	
253-5	7913-7914	—	_	_	_	_	_	_	
253-6	7914-7915	—	_	_	_	_	_	_	
253-7	7915-7917	再见	_	_	_	_	_	_	
253-8	7917-7918	。	_	_	_	_	_	_	
253-9	7918-7919	”	_	_	_	_	_	_	

#Text=大仓看着她远去的背影百思不得其解。
254-1	7920-7936	大仓看着她远去的背影百思不得其解	_	_	_	_	_	_	
254-1.1	7920-7922	大仓	大仓忠义	_	_	_	_	_	
254-1.2	7924-7925	她	哈莉特	_	_	_	_	_	
254-2	7936-7937	。	_	_	_	_	_	_	

#Text=他渐渐习惯了这种喝完麦片粥叼着黄油面包出门买报的经济生活，邮差从上周就不给他送用熨斗熨过的报纸了，一开始不得不感受到一种落差。
255-1	7938-7966	他渐渐习惯了这种喝完麦片粥叼着黄油面包出门买报的经济生活	_	_	_	_	_	_	
255-1.1	7938-7939	他	大仓忠义	_	_	_	_	_	
255-2	7966-7967	，	_	_	_	_	_	_	
255-3	7967-7986	邮差从上周就不给他送用熨斗熨过的报纸了	_	_	_	_	_	_	
255-3.1	7967-7969	邮差	邮差	_	_	_	_	_	
255-3.2	7975-7976	他	大仓忠义	_	_	_	_	_	
255-4	7986-7987	，	_	_	_	_	_	_	
255-5	7987-8000	一开始不得不感受到一种落差	_	_	_	_	_	_	
255-6	8000-8001	。	_	_	_	_	_	_	

#Text=他站在校门口翻着看，那群现代主义的义愤青年批判这批判那，总是占了好大一版面。
256-1	8001-8010	他站在校门口翻着看	_	_	_	_	_	_	
256-1.1	8001-8002	他	大仓忠义	_	_	_	_	_	
256-2	8010-8011	，	_	_	_	_	_	_	
256-3	8011-8028	那群现代主义的义愤青年批判这批判那	_	_	_	_	_	_	
256-3.1	8011-8022	那群现代主义的义愤青年	那群现代主义的义愤青年	_	_	_	_	_	
256-4	8028-8029	，	_	_	_	_	_	_	
256-5	8029-8038	总是占了好大一版面	_	_	_	_	_	_	
256-6	8038-8039	。	_	_	_	_	_	_	

#Text=第一季度的议会提上日程之后格兰维尔的空气都变得紧张起来，儿童慈善基金、改善工人住房协会、以及上院那群阔佬组成的各种财团和俱乐部变着法在公众视野里宣传造势，这时候就已经嗅得出硝烟弥漫。
257-1	8039-8066	第一季度的议会提上日程之后格兰维尔的空气都变得紧张起来	_	_	_	_	_	_	
257-2	8066-8067	，	_	_	_	_	_	_	
257-3	8067-8073	儿童慈善基金	儿童慈善基金	_	_	_	_	_	
257-4	8073-8074	、	_	_	_	_	_	_	
257-5	8074-8082	改善工人住房协会	改善工人住房协会	_	_	_	_	_	
257-6	8082-8083	、	_	_	_	_	_	_	
257-7	8083-8115	以及上院那群阔佬组成的各种财团和俱乐部变着法在公众视野里宣传造势	_	_	_	_	_	_	
257-7.1	8085-8102	上院那群阔佬组成的各种财团和俱乐部	上院那群阔佬组成的各种财团和俱乐部	_	_	_	_	_	
257-8	8115-8116	，	_	_	_	_	_	_	
257-9	8116-8129	这时候就已经嗅得出硝烟弥漫	_	_	_	_	_	_	
257-10	8129-8130	。	_	_	_	_	_	_	

#Text=而大仓忠义就是典型的他们最想拉拢的人。
258-1	8130-8148	而大仓忠义就是典型的他们最想拉拢的人	_	_	_	_	_	_	
258-1.1	8131-8135	大仓忠义	大仓忠义	_	_	_	_	_	
258-1.2	8140-8142	他们	上院那群阔佬组成的各种财团和俱乐部	_	_	_	_	_	
258-2	8148-8149	。	_	_	_	_	_	_	

#Text=也有人问他的姓；他支支吾吾最后报出那个假的英文。
259-1	8150-8157	也有人问他的姓	_	_	_	_	_	_	
259-1.1	8154-8155	他	大仓忠义	_	_	_	_	_	
259-2	8157-8158	；	_	_	_	_	_	_	
259-3	8158-8173	他支支吾吾最后报出那个假的英文	_	_	_	_	_	_	
259-3.1	8158-8159	他	大仓忠义	_	_	_	_	_	
259-4	8173-8174	。	_	_	_	_	_	_	

#Text=户口本上大仓忠义就是“大仓忠义”，和锦户亮一样，清白无二，可大仓不像他，大仓的姓危险，代表着系谱中和他同样剑走偏锋攀上高位的一群异国分子，他们站在政治的舞台上，被许多角度地打着不怀好意的追光灯。
260-1	8174-8184	户口本上大仓忠义就是	_	_	_	_	_	_	
260-1.1	8178-8182	大仓忠义	大仓忠义	_	_	_	_	_	
260-2	8184-8185	“	_	_	_	_	_	_	
260-3	8185-8189	大仓忠义	大仓忠义	_	_	_	_	_	
260-4	8189-8190	”	_	_	_	_	_	_	
260-5	8190-8191	，	_	_	_	_	_	_	
260-6	8191-8197	和锦户亮一样	_	_	_	_	_	_	
260-6.1	8192-8195	锦户亮	锦户亮	_	_	_	_	_	
260-7	8197-8198	，	_	_	_	_	_	_	
260-8	8198-8202	清白无二	_	_	_	_	_	_	
260-9	8202-8203	，	_	_	_	_	_	_	
260-10	8203-8209	可大仓不像他	_	_	_	_	_	_	
260-10.1	8204-8206	大仓	大仓忠义	_	_	_	_	_	
260-10.2	8208-8209	他	锦户亮	_	_	_	_	_	
260-11	8209-8210	，	_	_	_	_	_	_	
260-12	8210-8216	大仓的姓危险	_	_	_	_	_	_	
260-12.1	8210-8212	大仓	大仓忠义	_	_	_	_	_	
260-13	8216-8217	，	_	_	_	_	_	_	
260-14	8217-8242	代表着系谱中和他同样剑走偏锋攀上高位的一群异国分子	_	_	_	_	_	_	
260-14.1	8224-8242	他同样剑走偏锋攀上高位的一群异国分子	他同样剑走偏锋攀上高位的一群异国分子	_	_	_	_	_	
260-14.2	8224-8225	他	大仓忠义	_	_	_	_	_	
260-15	8242-8243	，	_	_	_	_	_	_	
260-16	8243-8253	他们站在政治的舞台上	_	_	_	_	_	_	
260-16.1	8243-8245	他们	大仓忠义和他同样剑走偏锋攀上高位的一群异国分子	_	_	_	_	_	
260-17	8253-8254	，	_	_	_	_	_	_	
260-18	8254-8270	被许多角度地打着不怀好意的追光灯	_	_	_	_	_	_	
260-19	8270-8271	。	_	_	_	_	_	_	

#Text=这可能是种懦弱。
261-1	8271-8278	这可能是种懦弱	_	_	_	_	_	_	
261-2	8278-8279	。	_	_	_	_	_	_	

#Text=但也是责任，大仓的父亲这么对他说。
262-1	8279-8284	但也是责任	_	_	_	_	_	_	
262-2	8284-8285	，	_	_	_	_	_	_	
262-3	8285-8295	大仓的父亲这么对他说	_	_	_	_	_	_	
262-3.1	8285-8290	大仓的父亲	大仓忠义的父亲	_	_	_	_	_	
262-3.2	8285-8287	大仓	大仓忠义	_	_	_	_	_	
262-3.3	8293-8294	他	大仓忠义	_	_	_	_	_	
262-4	8295-8296	。	_	_	_	_	_	_	

#Text=这些责任潜伏在水面底下，好像暂时离他很遥远。
263-1	8297-8308	这些责任潜伏在水面底下	_	_	_	_	_	_	
263-2	8308-8309	，	_	_	_	_	_	_	
263-3	8309-8318	好像暂时离他很遥远	_	_	_	_	_	_	
263-3.1	8314-8315	他	大仓忠义	_	_	_	_	_	
263-4	8318-8319	。	_	_	_	_	_	_	

#Text=*
#Text=Let those who are in favor with their stars
#Text=让那些人（他们既有吉星高照）
#Text=Of public honor and proud titles boast,
#Text=到处夸说他们的显位和高官，
#Text=Whilst I whom fortune of such triumph bars,
#Text=至于我，命运拒绝我这种荣耀，
#Text=Unlooked for joy in that I honor most.
264-1	8320-8321	*	_	_	_	_	_	_	
264-2	8322-8325	Let	_	_	_	_	_	_	
264-3	8326-8331	those	_	_	_	_	_	_	
264-4	8332-8335	who	_	_	_	_	_	_	
264-5	8336-8339	are	_	_	_	_	_	_	
264-6	8340-8342	in	_	_	_	_	_	_	
264-7	8343-8348	favor	_	_	_	_	_	_	
264-8	8349-8353	with	_	_	_	_	_	_	
264-9	8354-8359	their	_	_	_	_	_	_	
264-10	8360-8365	stars	_	_	_	_	_	_	
264-11	8366-8370	让那些人	_	_	_	_	_	_	
264-12	8370-8371	（	_	_	_	_	_	_	
264-13	8371-8379	他们既有吉星高照	_	_	_	_	_	_	
264-14	8379-8380	）	_	_	_	_	_	_	
264-15	8381-8383	Of	_	_	_	_	_	_	
264-16	8384-8390	public	_	_	_	_	_	_	
264-17	8391-8396	honor	_	_	_	_	_	_	
264-18	8397-8400	and	_	_	_	_	_	_	
264-19	8401-8406	proud	_	_	_	_	_	_	
264-20	8407-8413	titles	_	_	_	_	_	_	
264-21	8414-8419	boast	_	_	_	_	_	_	
264-22	8419-8420	,	_	_	_	_	_	_	
264-23	8421-8433	到处夸说他们的显位和高官	_	_	_	_	_	_	
264-24	8433-8434	，	_	_	_	_	_	_	
264-25	8435-8441	Whilst	_	_	_	_	_	_	
264-26	8442-8443	I	_	_	_	_	_	_	
264-27	8444-8448	whom	_	_	_	_	_	_	
264-28	8449-8456	fortune	_	_	_	_	_	_	
264-29	8457-8459	of	_	_	_	_	_	_	
264-30	8460-8464	such	_	_	_	_	_	_	
264-31	8465-8472	triumph	_	_	_	_	_	_	
264-32	8473-8477	bars	_	_	_	_	_	_	
264-33	8477-8478	,	_	_	_	_	_	_	
264-34	8479-8482	至于我	_	_	_	_	_	_	
264-35	8482-8483	，	_	_	_	_	_	_	
264-36	8483-8492	命运拒绝我这种荣耀	_	_	_	_	_	_	
264-37	8492-8493	，	_	_	_	_	_	_	
264-38	8494-8502	Unlooked	_	_	_	_	_	_	
264-39	8503-8506	for	_	_	_	_	_	_	
264-40	8507-8510	joy	_	_	_	_	_	_	
264-41	8511-8513	in	_	_	_	_	_	_	
264-42	8514-8518	that	_	_	_	_	_	_	
264-43	8519-8520	I	_	_	_	_	_	_	
264-44	8521-8526	honor	_	_	_	_	_	_	
264-45	8527-8531	most	_	_	_	_	_	_	
264-46	8531-8532	.	_	_	_	_	_	_	

#Text=只暗中独自赏玩我心里所欢。
265-1	8533-8545	只暗中独自赏玩我心里所欢	_	_	_	_	_	_	
265-2	8545-8546	。	_	_	_	_	_	_	

#Text=*
#Text=锦户的英语读音和长相在格兰维尔的白种人中几乎能以假乱真，但大仓每次见他都体会得到某种属于东方的脆弱和隽永。
266-1	8547-8548	*	_	_	_	_	_	_	
266-2	8549-8576	锦户的英语读音和长相在格兰维尔的白种人中几乎能以假乱真	_	_	_	_	_	_	
266-2.1	8549-8551	锦户	锦户亮	_	_	_	_	_	
266-2.2	8560-8568	格兰维尔的白种人	格兰维尔的白种人	_	_	_	_	_	
266-3	8576-8577	，	_	_	_	_	_	_	
266-4	8577-8601	但大仓每次见他都体会得到某种属于东方的脆弱和隽永	_	_	_	_	_	_	
266-4.1	8578-8580	大仓	大仓忠义	_	_	_	_	_	
266-4.2	8583-8584	他	锦户亮	_	_	_	_	_	
266-5	8601-8602	。	_	_	_	_	_	_	

#Text=他在讲台上把手臂一抱，气势上就低不下来，身高、体形、人种的弱势不成问题；于他自尊是惯常的刻在根骨里的东西，这种“强”像透明的晶体把他由上至下包裹起来，人们透过这一层看他，也只流于表面。
267-1	8602-8612	他在讲台上把手臂一抱	_	_	_	_	_	_	
267-1.1	8602-8603	他	锦户亮	_	_	_	_	_	
267-2	8612-8613	，	_	_	_	_	_	_	
267-3	8613-8621	气势上就低不下来	_	_	_	_	_	_	
267-4	8621-8622	，	_	_	_	_	_	_	
267-5	8622-8624	身高	_	_	_	_	_	_	
267-6	8624-8625	、	_	_	_	_	_	_	
267-7	8625-8627	体形	_	_	_	_	_	_	
267-8	8627-8628	、	_	_	_	_	_	_	
267-9	8628-8637	人种的弱势不成问题	_	_	_	_	_	_	
267-10	8637-8638	；	_	_	_	_	_	_	
267-11	8638-8654	于他自尊是惯常的刻在根骨里的东西	_	_	_	_	_	_	
267-11.1	8639-8640	他	锦户亮	_	_	_	_	_	
267-12	8654-8655	，	_	_	_	_	_	_	
267-13	8655-8657	这种	_	_	_	_	_	_	
267-14	8657-8658	“	_	_	_	_	_	_	
267-15	8658-8659	强	_	_	_	_	_	_	
267-16	8659-8660	”	_	_	_	_	_	_	
267-17	8660-8676	像透明的晶体把他由上至下包裹起来	_	_	_	_	_	_	
267-17.1	8667-8668	他	锦户亮	_	_	_	_	_	
267-18	8676-8677	，	_	_	_	_	_	_	
267-19	8677-8686	人们透过这一层看他	_	_	_	_	_	_	
267-19.1	8685-8686	他	锦户亮	_	_	_	_	_	
267-20	8686-8687	，	_	_	_	_	_	_	
267-21	8687-8693	也只流于表面	_	_	_	_	_	_	
267-22	8693-8694	。	_	_	_	_	_	_	

#Text=探索更深的东西似乎举步维艰。
268-1	8694-8707	探索更深的东西似乎举步维艰	_	_	_	_	_	_	
268-2	8707-8708	。	_	_	_	_	_	_	

#Text=*
#Text=Great princes’ favourites their fair leaves spread
#Text=王公的宠臣舒展他们的金叶
#Text=But as the marigold at the sun’s eye,
#Text=不过像太阳眷顾下的金盏花，
#Text=And in themselves their pride lies buried,
#Text=他们的骄傲在自己身上消灭，
#Text=or at a frown they in their glory die.
269-1	8709-8710	*	_	_	_	_	_	_	
269-2	8711-8716	Great	_	_	_	_	_	_	
269-3	8717-8724	princes	_	_	_	_	_	_	
269-4	8724-8725	’	_	_	_	_	_	_	
269-5	8726-8736	favourites	_	_	_	_	_	_	
269-6	8737-8742	their	_	_	_	_	_	_	
269-7	8743-8747	fair	_	_	_	_	_	_	
269-8	8748-8754	leaves	_	_	_	_	_	_	
269-9	8755-8761	spread	_	_	_	_	_	_	
269-10	8762-8774	王公的宠臣舒展他们的金叶	_	_	_	_	_	_	
269-11	8775-8778	But	_	_	_	_	_	_	
269-12	8779-8781	as	_	_	_	_	_	_	
269-13	8782-8785	the	_	_	_	_	_	_	
269-14	8786-8794	marigold	_	_	_	_	_	_	
269-15	8795-8797	at	_	_	_	_	_	_	
269-16	8798-8801	the	_	_	_	_	_	_	
269-17	8802-8805	sun	_	_	_	_	_	_	
269-18	8805-8806	’	_	_	_	_	_	_	
269-19	8806-8807	s	_	_	_	_	_	_	
269-20	8808-8811	eye	_	_	_	_	_	_	
269-21	8811-8812	,	_	_	_	_	_	_	
269-22	8813-8825	不过像太阳眷顾下的金盏花	_	_	_	_	_	_	
269-23	8825-8826	，	_	_	_	_	_	_	
269-24	8827-8830	And	_	_	_	_	_	_	
269-25	8831-8833	in	_	_	_	_	_	_	
269-26	8834-8844	themselves	_	_	_	_	_	_	
269-27	8845-8850	their	_	_	_	_	_	_	
269-28	8851-8856	pride	_	_	_	_	_	_	
269-29	8857-8861	lies	_	_	_	_	_	_	
269-30	8862-8868	buried	_	_	_	_	_	_	
269-31	8868-8869	,	_	_	_	_	_	_	
269-32	8870-8882	他们的骄傲在自己身上消灭	_	_	_	_	_	_	
269-33	8882-8883	，	_	_	_	_	_	_	
269-34	8884-8886	or	_	_	_	_	_	_	
269-35	8887-8889	at	_	_	_	_	_	_	
269-36	8890-8891	a	_	_	_	_	_	_	
269-37	8892-8897	frown	_	_	_	_	_	_	
269-38	8898-8902	they	_	_	_	_	_	_	
269-39	8903-8905	in	_	_	_	_	_	_	
269-40	8906-8911	their	_	_	_	_	_	_	
269-41	8912-8917	glory	_	_	_	_	_	_	
269-42	8918-8921	die	_	_	_	_	_	_	
269-43	8921-8922	.	_	_	_	_	_	_	

#Text=一蹙额便足凋谢他们的荣华。
270-1	8923-8935	一蹙额便足凋谢他们的荣华	_	_	_	_	_	_	
270-2	8935-8936	。	_	_	_	_	_	_	

#Text=The painful warrior famoused for might,
#Text=转战沙场的名将不管多功高，
#Text=After a thousand victories once foiled,
#Text=百战百胜后只要有一次失手，
#Text=Is from the book of honor rated quite,
#Text=便从功名册上被人一笔勾销，
#Text=And all the rest forgot for which he toiled.
271-1	8937-8940	The	_	_	_	_	_	_	
271-2	8941-8948	painful	_	_	_	_	_	_	
271-3	8949-8956	warrior	_	_	_	_	_	_	
271-4	8957-8965	famoused	_	_	_	_	_	_	
271-5	8966-8969	for	_	_	_	_	_	_	
271-6	8970-8975	might	_	_	_	_	_	_	
271-7	8975-8976	,	_	_	_	_	_	_	
271-8	8977-8989	转战沙场的名将不管多功高	_	_	_	_	_	_	
271-9	8989-8990	，	_	_	_	_	_	_	
271-10	8991-8996	After	_	_	_	_	_	_	
271-11	8997-8998	a	_	_	_	_	_	_	
271-12	8999-9007	thousand	_	_	_	_	_	_	
271-13	9008-9017	victories	_	_	_	_	_	_	
271-14	9018-9022	once	_	_	_	_	_	_	
271-15	9023-9029	foiled	_	_	_	_	_	_	
271-16	9029-9030	,	_	_	_	_	_	_	
271-17	9031-9043	百战百胜后只要有一次失手	_	_	_	_	_	_	
271-18	9043-9044	，	_	_	_	_	_	_	
271-19	9045-9047	Is	_	_	_	_	_	_	
271-20	9048-9052	from	_	_	_	_	_	_	
271-21	9053-9056	the	_	_	_	_	_	_	
271-22	9057-9061	book	_	_	_	_	_	_	
271-23	9062-9064	of	_	_	_	_	_	_	
271-24	9065-9070	honor	_	_	_	_	_	_	
271-25	9071-9076	rated	_	_	_	_	_	_	
271-26	9077-9082	quite	_	_	_	_	_	_	
271-27	9082-9083	,	_	_	_	_	_	_	
271-28	9084-9096	便从功名册上被人一笔勾销	_	_	_	_	_	_	
271-29	9096-9097	，	_	_	_	_	_	_	
271-30	9098-9101	And	_	_	_	_	_	_	
271-31	9102-9105	all	_	_	_	_	_	_	
271-32	9106-9109	the	_	_	_	_	_	_	
271-33	9110-9114	rest	_	_	_	_	_	_	
271-34	9115-9121	forgot	_	_	_	_	_	_	
271-35	9122-9125	for	_	_	_	_	_	_	
271-36	9126-9131	which	_	_	_	_	_	_	
271-37	9132-9134	he	_	_	_	_	_	_	
271-38	9135-9141	toiled	_	_	_	_	_	_	
271-39	9141-9142	.	_	_	_	_	_	_	

#Text=毕生的功劳只落得无声无臭。
272-1	9143-9155	毕生的功劳只落得无声无臭	_	_	_	_	_	_	
272-2	9155-9156	。	_	_	_	_	_	_	

#Text=*
#Text=台下有人窃窃笑着插嘴：“敏感话题。”
273-1	9157-9158	*	_	_	_	_	_	_	
273-2	9159-9169	台下有人窃窃笑着插嘴	_	_	_	_	_	_	
273-2.1	9159-9163	台下有人	台下的人	_	_	_	_	_	
273-3	9169-9170	：	_	_	_	_	_	_	
273-4	9170-9171	“	_	_	_	_	_	_	
273-5	9171-9175	敏感话题	_	_	_	_	_	_	
273-6	9175-9176	。	_	_	_	_	_	_	
273-7	9176-9177	”	_	_	_	_	_	_	

#Text=大仓在一边作为敏感话题的中心人群心情复杂。
274-1	9177-9197	大仓在一边作为敏感话题的中心人群心情复杂	_	_	_	_	_	_	
274-1.1	9177-9179	大仓	大仓忠义	_	_	_	_	_	
274-2	9197-9198	。	_	_	_	_	_	_	

#Text=锦户听了微笑起来，颔首低眉。
275-1	9199-9207	锦户听了微笑起来	_	_	_	_	_	_	
275-1.1	9199-9201	锦户	锦户亮	_	_	_	_	_	
275-2	9207-9208	，	_	_	_	_	_	_	
275-3	9208-9212	颔首低眉	_	_	_	_	_	_	
275-4	9212-9213	。	_	_	_	_	_	_	

#Text=他柔软的黑发飘起来像扬起了高调的美丽旗帜，这时候风都顺着他的样子来吹。
276-1	9213-9233	他柔软的黑发飘起来像扬起了高调的美丽旗帜	_	_	_	_	_	_	
276-1.1	9213-9214	他	锦户亮	_	_	_	_	_	
276-2	9233-9234	，	_	_	_	_	_	_	
276-3	9234-9247	这时候风都顺着他的样子来吹	_	_	_	_	_	_	
276-3.1	9241-9242	他	锦户亮	_	_	_	_	_	
276-4	9247-9248	。	_	_	_	_	_	_	

#Text=大仓觉得自己能说是情人眼里出西施了，在底下也开始笑，哈莉特斜着瞟了一眼他傻笑的侧脸，像有许多棘手事情没办似的叹气。
277-1	9249-9266	大仓觉得自己能说是情人眼里出西施了	_	_	_	_	_	_	
277-1.1	9249-9251	大仓	大仓忠义	_	_	_	_	_	
277-1.2	9253-9255	自己	大仓忠义	_	_	_	_	_	
277-2	9266-9267	，	_	_	_	_	_	_	
277-3	9267-9274	在底下也开始笑	_	_	_	_	_	_	
277-4	9274-9275	，	_	_	_	_	_	_	
277-5	9275-9290	哈莉特斜着瞟了一眼他傻笑的侧脸	_	_	_	_	_	_	
277-5.1	9275-9278	哈莉特	哈莉特	_	_	_	_	_	
277-5.2	9284-9285	他	大仓忠义	_	_	_	_	_	
277-6	9290-9291	，	_	_	_	_	_	_	
277-7	9291-9305	像有许多棘手事情没办似的叹气	_	_	_	_	_	_	
277-8	9305-9306	。	_	_	_	_	_	_	

#Text=“——我的课上少讲这些，哪天给举报了我要跟你兴师问罪的噢？”
278-1	9307-9308	“	_	_	_	_	_	_	
278-2	9308-9309	—	_	_	_	_	_	_	
278-3	9309-9310	—	_	_	_	_	_	_	
278-4	9310-9318	我的课上少讲这些	_	_	_	_	_	_	
278-4.1	9310-9311	我	锦户亮	_	_	_	_	_	
278-5	9318-9319	，	_	_	_	_	_	_	
278-6	9319-9335	哪天给举报了我要跟你兴师问罪的噢	_	_	_	_	_	_	
278-6.1	9325-9326	我	锦户亮	_	_	_	_	_	
278-6.2	9328-9329	你	大仓忠义	_	_	_	_	_	
278-7	9335-9336	？	_	_	_	_	_	_	
278-8	9336-9337	”	_	_	_	_	_	_	

#Text=锦户转过头去擦黑板。
279-1	9337-9346	锦户转过头去擦黑板	_	_	_	_	_	_	
279-1.1	9337-9339	锦户	锦户亮	_	_	_	_	_	
279-2	9346-9347	。	_	_	_	_	_	_	

#Text=他那语气分明是默许甚至赞同。
280-1	9347-9360	他那语气分明是默许甚至赞同	_	_	_	_	_	_	
280-1.1	9347-9348	他	锦户亮	_	_	_	_	_	
280-2	9360-9361	。	_	_	_	_	_	_	

#Text=就像锦户总爱给大仓一些额外的眼神一样，或许没有含义，或许满是语意情浓。
281-1	9361-9379	就像锦户总爱给大仓一些额外的眼神一样	_	_	_	_	_	_	
281-1.1	9363-9365	锦户	锦户亮	_	_	_	_	_	
281-1.2	9368-9370	大仓	大仓忠义	_	_	_	_	_	
281-2	9379-9380	，	_	_	_	_	_	_	
281-3	9380-9386	或许没有含义	_	_	_	_	_	_	
281-4	9386-9387	，	_	_	_	_	_	_	
281-5	9387-9395	或许满是语意情浓	_	_	_	_	_	_	
281-6	9395-9396	。	_	_	_	_	_	_	

#Text=只看大仓怎么理解。
282-1	9396-9404	只看大仓怎么理解	_	_	_	_	_	_	
282-1.1	9398-9400	大仓	大仓忠义	_	_	_	_	_	
282-2	9404-9405	。	_	_	_	_	_	_	

#Text=大仓跟着锦户轻声读，莎翁的文字或许是陈旧腐朽的，古英语像他家隔壁的教堂里修女们每天做弥撒时念的经文，平静过后又徒然疑问起来，往前回溯他方才到底讲的什么。
283-1	9406-9415	大仓跟着锦户轻声读	_	_	_	_	_	_	
283-1.1	9406-9408	大仓	大仓忠义	_	_	_	_	_	
283-1.2	9410-9412	锦户	锦户亮	_	_	_	_	_	
283-2	9415-9416	，	_	_	_	_	_	_	
283-3	9416-9429	莎翁的文字或许是陈旧腐朽的	_	_	_	_	_	_	
283-3.1	9416-9418	莎翁	莎士比亚	_	_	_	_	_	
283-4	9429-9430	，	_	_	_	_	_	_	
283-5	9430-9455	古英语像他家隔壁的教堂里修女们每天做弥撒时念的经文	_	_	_	_	_	_	
283-5.1	9434-9435	他	大仓忠义	_	_	_	_	_	
283-5.2	9442-9445	修女们	修女们	_	_	_	_	_	
283-6	9455-9456	，	_	_	_	_	_	_	
283-7	9456-9467	平静过后又徒然疑问起来	_	_	_	_	_	_	
283-8	9467-9468	，	_	_	_	_	_	_	
283-9	9468-9481	往前回溯他方才到底讲的什么	_	_	_	_	_	_	
283-9.1	9472-9473	他	大仓忠义	_	_	_	_	_	
283-10	9481-9482	。	_	_	_	_	_	_	

#Text=终归是爱情诗会有的一种拧巴。
284-1	9482-9495	终归是爱情诗会有的一种拧巴	_	_	_	_	_	_	
284-2	9495-9496	。	_	_	_	_	_	_	

#Text=“这里舌头不要压着，要卷，”锦户经过大仓身侧，他这样施予耐心，让大仓觉得一种情感上的奢侈。
285-1	9497-9498	“	_	_	_	_	_	_	
285-2	9498-9506	这里舌头不要压着	_	_	_	_	_	_	
285-3	9506-9507	，	_	_	_	_	_	_	
285-4	9507-9509	要卷	_	_	_	_	_	_	
285-5	9509-9510	，	_	_	_	_	_	_	
285-6	9510-9511	”	_	_	_	_	_	_	
285-7	9511-9519	锦户经过大仓身侧	_	_	_	_	_	_	
285-7.1	9511-9513	锦户	锦户亮	_	_	_	_	_	
285-7.2	9515-9517	大仓	大仓忠义	_	_	_	_	_	
285-8	9519-9520	，	_	_	_	_	_	_	
285-9	9520-9527	他这样施予耐心	_	_	_	_	_	_	
285-9.1	9520-9521	他	锦户亮	_	_	_	_	_	
285-10	9527-9528	，	_	_	_	_	_	_	
285-11	9528-9541	让大仓觉得一种情感上的奢侈	_	_	_	_	_	_	
285-11.1	9529-9531	大仓	大仓忠义	_	_	_	_	_	
285-12	9541-9542	。	_	_	_	_	_	_	

#Text=大仓上了半个月的课，终于找到一个可以相对心如止水、不面对锦户胡思乱想的平衡点。
286-1	9543-9552	大仓上了半个月的课	_	_	_	_	_	_	
286-1.1	9543-9545	大仓	大仓忠义	_	_	_	_	_	
286-2	9552-9553	，	_	_	_	_	_	_	
286-3	9553-9567	终于找到一个可以相对心如止水	_	_	_	_	_	_	
286-4	9567-9568	、	_	_	_	_	_	_	
286-5	9568-9581	不面对锦户胡思乱想的平衡点	_	_	_	_	_	_	
286-5.1	9571-9573	锦户	锦户亮	_	_	_	_	_	
286-6	9581-9582	。	_	_	_	_	_	_	

#Text=总有人鼓吹什么年轻人要走出舒适圈，自从他上次意识到摘抄作业里的批注这一块儿大有搞头，就下手了。
287-1	9582-9598	总有人鼓吹什么年轻人要走出舒适圈	_	_	_	_	_	_	
287-2	9598-9599	，	_	_	_	_	_	_	
287-3	9599-9623	自从他上次意识到摘抄作业里的批注这一块儿大有搞头	_	_	_	_	_	_	
287-3.1	9601-9602	他	大仓忠义	_	_	_	_	_	
287-4	9623-9624	，	_	_	_	_	_	_	
287-5	9624-9628	就下手了	_	_	_	_	_	_	
287-6	9628-9629	。	_	_	_	_	_	_	

#Text=他写完才觉得有点不计后果，可是猜忌、焦虑和各种让他烦躁的负面感情，他和锦户亮过去的一团乱麻，只要这么做了，那就能有结束的可能。
288-1	9629-9641	他写完才觉得有点不计后果	_	_	_	_	_	_	
288-1.1	9629-9630	他	大仓忠义	_	_	_	_	_	
288-2	9641-9642	，	_	_	_	_	_	_	
288-3	9642-9646	可是猜忌	_	_	_	_	_	_	
288-4	9646-9647	、	_	_	_	_	_	_	
288-5	9647-9661	焦虑和各种让他烦躁的负面感情	_	_	_	_	_	_	
288-5.1	9653-9654	他	大仓忠义	_	_	_	_	_	
288-6	9661-9662	，	_	_	_	_	_	_	
288-7	9662-9674	他和锦户亮过去的一团乱麻	_	_	_	_	_	_	
288-7.1	9662-9663	他	大仓忠义	_	_	_	_	_	
288-7.2	9664-9667	锦户亮	锦户亮	_	_	_	_	_	
288-8	9674-9675	，	_	_	_	_	_	_	
288-9	9675-9681	只要这么做了	_	_	_	_	_	_	
288-10	9681-9682	，	_	_	_	_	_	_	
288-11	9682-9691	那就能有结束的可能	_	_	_	_	_	_	
288-12	9691-9692	。	_	_	_	_	_	_	

#Text=他想到这又一下子空落落的。
289-1	9693-9705	他想到这又一下子空落落的	_	_	_	_	_	_	
289-1.1	9693-9694	他	大仓忠义	_	_	_	_	_	
289-2	9705-9706	。	_	_	_	_	_	_	

#Text=一个半小时的大课终于响起最后的铃声，哈莉特去洗手间，其他人嘈杂地起身走动、三三两两出门，讨论晚餐、成绩和杂志连载的小说。
290-1	9707-9724	一个半小时的大课终于响起最后的铃声	_	_	_	_	_	_	
290-2	9724-9725	，	_	_	_	_	_	_	
290-3	9725-9732	哈莉特去洗手间	_	_	_	_	_	_	
290-3.1	9725-9728	哈莉特	哈莉特	_	_	_	_	_	
290-4	9732-9733	，	_	_	_	_	_	_	
290-5	9733-9743	其他人嘈杂地起身走动	_	_	_	_	_	_	
290-5.1	9733-9736	其他人	学生	_	_	_	_	_	
290-6	9743-9744	、	_	_	_	_	_	_	
290-7	9744-9750	三三两两出门	_	_	_	_	_	_	
290-8	9750-9751	，	_	_	_	_	_	_	
290-9	9751-9755	讨论晚餐	_	_	_	_	_	_	
290-10	9755-9756	、	_	_	_	_	_	_	
290-11	9756-9766	成绩和杂志连载的小说	_	_	_	_	_	_	
290-12	9766-9767	。	_	_	_	_	_	_	

#Text=大仓坐在位置上打开他刚发下来的笔记本。
291-1	9767-9785	大仓坐在位置上打开他刚发下来的笔记本	_	_	_	_	_	_	
291-1.1	9767-9769	大仓	大仓忠义	_	_	_	_	_	
291-1.2	9776-9777	他	大仓忠义	_	_	_	_	_	
291-2	9785-9786	。	_	_	_	_	_	_	

#Text=日期。
292-1	9787-9789	日期	_	_	_	_	_	_	
292-2	9789-9790	。	_	_	_	_	_	_	

#Text=原文。
293-1	9790-9792	原文	_	_	_	_	_	_	
293-2	9792-9793	。	_	_	_	_	_	_	

#Text=点评。
294-1	9793-9795	点评	_	_	_	_	_	_	
294-2	9795-9796	。	_	_	_	_	_	_	

#Text=一个红色的A。
295-1	9796-9801	一个红色的	_	_	_	_	_	_	
295-2	9801-9802	A	_	_	_	_	_	_	
295-3	9802-9803	。	_	_	_	_	_	_	

#Text=他用铅笔在整页的最后小心翼翼地写着：
#Text=“你记得我吗？”
296-1	9804-9821	他用铅笔在整页的最后小心翼翼地写着	_	_	_	_	_	_	
296-1.1	9804-9805	他	大仓忠义	_	_	_	_	_	
296-2	9821-9822	：	_	_	_	_	_	_	
296-3	9823-9824	“	_	_	_	_	_	_	
296-4	9824-9829	你记得我吗	_	_	_	_	_	_	
296-4.1	9824-9825	你	锦户亮	_	_	_	_	_	
296-4.2	9827-9828	我	大仓忠义	_	_	_	_	_	
296-5	9829-9830	？	_	_	_	_	_	_	
296-6	9830-9831	”	_	_	_	_	_	_	

#Text=问得像个孩子。
297-1	9832-9838	问得像个孩子	_	_	_	_	_	_	
297-2	9838-9839	。	_	_	_	_	_	_	

#Text=大仓目光下移，心开始跳，盖住了教室桌椅碰撞的声音和婉转悠长的下课铃。
298-1	9840-9846	大仓目光下移	_	_	_	_	_	_	
298-1.1	9840-9842	大仓	大仓忠义	_	_	_	_	_	
298-2	9846-9847	，	_	_	_	_	_	_	
298-3	9847-9851	心开始跳	_	_	_	_	_	_	
298-4	9851-9852	，	_	_	_	_	_	_	
298-5	9852-9873	盖住了教室桌椅碰撞的声音和婉转悠长的下课铃	_	_	_	_	_	_	
298-6	9873-9874	。	_	_	_	_	_	_	

#Text=他看见锦户留下流畅的两个字：
#Text=“记得”。
299-1	9875-9888	他看见锦户留下流畅的两个字	_	_	_	_	_	_	
299-1.1	9875-9876	他	大仓忠义	_	_	_	_	_	
299-1.2	9878-9880	锦户	锦户亮	_	_	_	_	_	
299-2	9888-9889	：	_	_	_	_	_	_	
299-3	9890-9891	“	_	_	_	_	_	_	
299-4	9891-9893	记得	_	_	_	_	_	_	
299-5	9893-9894	”	_	_	_	_	_	_	
299-6	9894-9895	。	_	_	_	_	_	_	

#Text=窗外是一片雨后天晴。
300-1	9896-9905	窗外是一片雨后天晴	_	_	_	_	_	_	
300-2	9905-9906	。	_	_	_	_	_	_	

#Text=大仓抬起头，锦户站在讲台后，没有要离去的意思。
301-1	9906-9911	大仓抬起头	_	_	_	_	_	_	
301-1.1	9906-9908	大仓	大仓忠义	_	_	_	_	_	
301-2	9911-9912	，	_	_	_	_	_	_	
301-3	9912-9919	锦户站在讲台后	_	_	_	_	_	_	
301-3.1	9912-9914	锦户	锦户亮	_	_	_	_	_	
301-4	9919-9920	，	_	_	_	_	_	_	
301-5	9920-9928	没有要离去的意思	_	_	_	_	_	_	
301-6	9928-9929	。	_	_	_	_	_	_	

#Text=他还是那样微笑地看着大仓，纯情且悲哀；手边的桌面上整齐地摆好了书本、知识、他的道德与自尊，学生们在他身后谈笑着走过。
302-1	9929-9941	他还是那样微笑地看着大仓	_	_	_	_	_	_	
302-1.1	9929-9930	他	锦户亮	_	_	_	_	_	
302-1.2	9939-9941	大仓	大仓忠义	_	_	_	_	_	
302-2	9941-9942	，	_	_	_	_	_	_	
302-3	9942-9947	纯情且悲哀	_	_	_	_	_	_	
302-4	9947-9948	；	_	_	_	_	_	_	
302-5	9948-9962	手边的桌面上整齐地摆好了书本	_	_	_	_	_	_	
302-6	9962-9963	、	_	_	_	_	_	_	
302-7	9963-9965	知识	_	_	_	_	_	_	
302-8	9965-9966	、	_	_	_	_	_	_	
302-9	9966-9973	他的道德与自尊	_	_	_	_	_	_	
302-9.1	9966-9967	他	锦户亮	_	_	_	_	_	
302-10	9973-9974	，	_	_	_	_	_	_	
302-11	9974-9986	学生们在他身后谈笑着走过	_	_	_	_	_	_	
302-11.1	9974-9977	学生们	学生	_	_	_	_	_	
302-11.2	9978-9979	他	锦户亮	_	_	_	_	_	
302-12	9986-9987	。	_	_	_	_	_	_	

#Text=好像在背道而驰的人世间他给他唯一的注视。
303-1	9987-10006	好像在背道而驰的人世间他给他唯一的注视	_	_	_	_	_	_	
303-1.1	9998-9999	他	锦户亮	_	_	_	_	_	
303-1.2	10000-10001	他	大仓忠义	_	_	_	_	_	
303-2	10006-10007	。	_	_	_	_	_	_	

#Text=有人告诫他，爱是毒药，足以使人命赴黄泉。
304-1	10008-10013	有人告诫他	_	_	_	_	_	_	
304-1.1	10012-10013	他	大仓忠义	_	_	_	_	_	
304-2	10013-10014	，	_	_	_	_	_	_	
304-3	10014-10018	爱是毒药	_	_	_	_	_	_	
304-4	10018-10019	，	_	_	_	_	_	_	
304-5	10019-10027	足以使人命赴黄泉	_	_	_	_	_	_	
304-6	10027-10028	。	_	_	_	_	_	_	

#Text=大仓忠义怀疑过，是不是自己把敬仰、同情、同理、追求刺激或者需要认可混淆成了倾慕。
305-1	10028-10035	大仓忠义怀疑过	_	_	_	_	_	_	
305-1.1	10028-10032	大仓忠义	大仓忠义	_	_	_	_	_	
305-2	10035-10036	，	_	_	_	_	_	_	
305-3	10036-10044	是不是自己把敬仰	_	_	_	_	_	_	
305-3.1	10039-10041	自己	大仓忠义	_	_	_	_	_	
305-4	10044-10045	、	_	_	_	_	_	_	
305-5	10045-10047	同情	_	_	_	_	_	_	
305-6	10047-10048	、	_	_	_	_	_	_	
305-7	10048-10050	同理	_	_	_	_	_	_	
305-8	10050-10051	、	_	_	_	_	_	_	
305-9	10051-10067	追求刺激或者需要认可混淆成了倾慕	_	_	_	_	_	_	
305-10	10067-10068	。	_	_	_	_	_	_	

#Text=答案在此刻豁然浮现，这答案孤注一掷，勇敢而鲁莽。
306-1	10068-10077	答案在此刻豁然浮现	_	_	_	_	_	_	
306-2	10077-10078	，	_	_	_	_	_	_	
306-3	10078-10085	这答案孤注一掷	_	_	_	_	_	_	
306-4	10085-10086	，	_	_	_	_	_	_	
306-5	10086-10091	勇敢而鲁莽	_	_	_	_	_	_	
306-6	10091-10092	。	_	_	_	_	_	_	

#Text=他想起十四行诗的最后两行仿佛在讽刺他狂喜的内心：
#Text=Then happy I that love and am beloved
#Text=那么，爱人又被爱，我多么幸福
#Text=Where I may not remove, nor be removed.
307-1	10093-10116	他想起十四行诗的最后两行仿佛在讽刺他狂喜的内心	_	_	_	_	_	_	
307-1.1	10093-10094	他	大仓忠义	_	_	_	_	_	
307-1.2	10110-10111	他	大仓忠义	_	_	_	_	_	
307-2	10116-10117	：	_	_	_	_	_	_	
307-3	10118-10122	Then	_	_	_	_	_	_	
307-4	10123-10128	happy	_	_	_	_	_	_	
307-5	10129-10130	I	_	_	_	_	_	_	
307-6	10131-10135	that	_	_	_	_	_	_	
307-7	10136-10140	love	_	_	_	_	_	_	
307-8	10141-10144	and	_	_	_	_	_	_	
307-9	10145-10147	am	_	_	_	_	_	_	
307-10	10148-10155	beloved	_	_	_	_	_	_	
307-11	10156-10158	那么	_	_	_	_	_	_	
307-12	10158-10159	，	_	_	_	_	_	_	
307-13	10159-10164	爱人又被爱	_	_	_	_	_	_	
307-14	10164-10165	，	_	_	_	_	_	_	
307-15	10165-10170	我多么幸福	_	_	_	_	_	_	
307-16	10171-10176	Where	_	_	_	_	_	_	
307-17	10177-10178	I	_	_	_	_	_	_	
307-18	10179-10182	may	_	_	_	_	_	_	
307-19	10183-10186	not	_	_	_	_	_	_	
307-20	10187-10193	remove	_	_	_	_	_	_	
307-21	10193-10194	,	_	_	_	_	_	_	
307-22	10195-10198	nor	_	_	_	_	_	_	
307-23	10199-10201	be	_	_	_	_	_	_	
307-24	10202-10209	removed	_	_	_	_	_	_	
307-25	10209-10210	.	_	_	_	_	_	_	

#Text=我既不会迁徙 又不怕被追逐
#Text=TBC
#Text=2
#Text=Chapter Summary
#Text=以为很早就应该习惯了。
308-1	10211-10217	我既不会迁徙	_	_	_	_	_	_	
308-2	10218-10224	又不怕被追逐	_	_	_	_	_	_	
308-3	10225-10228	TBC	_	_	_	_	_	_	
308-4	10229-10230	2	_	_	_	_	_	_	
308-5	10231-10238	Chapter	_	_	_	_	_	_	
308-6	10239-10246	Summary	_	_	_	_	_	_	
308-7	10247-10257	以为很早就应该习惯了	_	_	_	_	_	_	
308-8	10257-10258	。	_	_	_	_	_	_	

#Text=只是不知道为什么还没有。
309-1	10258-10269	只是不知道为什么还没有	_	_	_	_	_	_	
309-2	10269-10270	。	_	_	_	_	_	_	

#Text=千字过渡章
#Text=Ⅱ
#Text=他醒来的时候车载着他，走在非常漫长的国境线。
310-1	10271-10276	千字过渡章	_	_	_	_	_	_	
310-2	10277-10278	Ⅱ	_	_	_	_	_	_	
310-3	10279-10289	他醒来的时候车载着他	_	_	_	_	_	_	
310-3.1	10279-10280	他	锦户亮	_	_	_	_	_	
310-3.2	10288-10289	他	锦户亮	_	_	_	_	_	
310-4	10289-10290	，	_	_	_	_	_	_	
310-5	10290-10300	走在非常漫长的国境线	_	_	_	_	_	_	
310-6	10300-10301	。	_	_	_	_	_	_	

#Text=正午强烈刺眼的阳光底下，所有景物看上去只是某种精神病人幻视症状一样模糊的晕影，所以他有点睁不开眼睛了，想到无论真理、现实、谎言还是童话故事，都能够非常轻易地在那种阳光底下融化；因而突然感到某种异常的珍视，珍视苦难当中他或许是唯一的温存，人生确实很像一个转瞬即逝的梦，做醒了就不能再做。
311-1	10301-10312	正午强烈刺眼的阳光底下	_	_	_	_	_	_	
311-2	10312-10313	，	_	_	_	_	_	_	
311-3	10313-10339	所有景物看上去只是某种精神病人幻视症状一样模糊的晕影	_	_	_	_	_	_	
311-4	10339-10340	，	_	_	_	_	_	_	
311-5	10340-10351	所以他有点睁不开眼睛了	_	_	_	_	_	_	
311-5.1	10342-10343	他	锦户亮	_	_	_	_	_	
311-6	10351-10352	，	_	_	_	_	_	_	
311-7	10352-10358	想到无论真理	_	_	_	_	_	_	
311-8	10358-10359	、	_	_	_	_	_	_	
311-9	10359-10361	现实	_	_	_	_	_	_	
311-10	10361-10362	、	_	_	_	_	_	_	
311-11	10362-10370	谎言还是童话故事	_	_	_	_	_	_	
311-12	10370-10371	，	_	_	_	_	_	_	
311-13	10371-10388	都能够非常轻易地在那种阳光底下融化	_	_	_	_	_	_	
311-14	10388-10389	；	_	_	_	_	_	_	
311-15	10389-10402	因而突然感到某种异常的珍视	_	_	_	_	_	_	
311-16	10402-10403	，	_	_	_	_	_	_	
311-17	10403-10418	珍视苦难当中他或许是唯一的温存	_	_	_	_	_	_	
311-17.1	10409-10410	他	锦户亮	_	_	_	_	_	
311-18	10418-10419	，	_	_	_	_	_	_	
311-19	10419-10433	人生确实很像一个转瞬即逝的梦	_	_	_	_	_	_	
311-20	10433-10434	，	_	_	_	_	_	_	
311-21	10434-10442	做醒了就不能再做	_	_	_	_	_	_	
311-22	10442-10443	。	_	_	_	_	_	_	

#Text=锦户亮这时正被锁在椅子上，伸长了两条腿、扳直了再软下去，企图激活一点麻木的肌肉细胞；囚衣囚裤松松垮垮罩在两只赤裸的脚背上，痒咝咝地叠了几层。
312-1	10444-10456	锦户亮这时正被锁在椅子上	_	_	_	_	_	_	
312-1.1	10444-10447	锦户亮	锦户亮	_	_	_	_	_	
312-2	10456-10457	，	_	_	_	_	_	_	
312-3	10457-10463	伸长了两条腿	_	_	_	_	_	_	
312-4	10463-10464	、	_	_	_	_	_	_	
312-5	10464-10471	扳直了再软下去	_	_	_	_	_	_	
312-6	10471-10472	，	_	_	_	_	_	_	
312-7	10472-10485	企图激活一点麻木的肌肉细胞	_	_	_	_	_	_	
312-8	10485-10486	；	_	_	_	_	_	_	
312-9	10486-10504	囚衣囚裤松松垮垮罩在两只赤裸的脚背上	_	_	_	_	_	_	
312-10	10504-10505	，	_	_	_	_	_	_	
312-11	10505-10513	痒咝咝地叠了几层	_	_	_	_	_	_	
312-12	10513-10514	。	_	_	_	_	_	_	

#Text=想去给它挪开，未遂——发觉还带着手铐。
313-1	10515-10521	想去给它挪开	_	_	_	_	_	_	
313-2	10521-10522	，	_	_	_	_	_	_	
313-3	10522-10524	未遂	_	_	_	_	_	_	
313-4	10524-10525	—	_	_	_	_	_	_	
313-5	10525-10526	—	_	_	_	_	_	_	
313-6	10526-10533	发觉还带着手铐	_	_	_	_	_	_	
313-7	10533-10534	。	_	_	_	_	_	_	

#Text=他很沉默地想，以为很早就应该习惯了。
314-1	10534-10540	他很沉默地想	_	_	_	_	_	_	
314-1.1	10534-10535	他	锦户亮	_	_	_	_	_	
314-2	10540-10541	，	_	_	_	_	_	_	
314-3	10541-10551	以为很早就应该习惯了	_	_	_	_	_	_	
314-4	10551-10552	。	_	_	_	_	_	_	

#Text=只是不知道为什么还没有。
315-1	10552-10563	只是不知道为什么还没有	_	_	_	_	_	_	
315-2	10563-10564	。	_	_	_	_	_	_	

#Text=满室昏暗的夜色，整个探视间里只有这一个人是亮的，从侧面的天顶上开了扇窗，像手术台的大灯从远处探照过来，假冒伪劣的一轮月亮。
316-1	10565-10572	满室昏暗的夜色	_	_	_	_	_	_	
316-2	10572-10573	，	_	_	_	_	_	_	
316-3	10573-10588	整个探视间里只有这一个人是亮的	_	_	_	_	_	_	
316-3.1	10581-10585	这一个人	锦户亮	_	_	_	_	_	
316-4	10588-10589	，	_	_	_	_	_	_	
316-5	10589-10600	从侧面的天顶上开了扇窗	_	_	_	_	_	_	
316-6	10600-10601	，	_	_	_	_	_	_	
316-7	10601-10615	像手术台的大灯从远处探照过来	_	_	_	_	_	_	
316-8	10615-10616	，	_	_	_	_	_	_	
316-9	10616-10625	假冒伪劣的一轮月亮	_	_	_	_	_	_	
316-10	10625-10626	。	_	_	_	_	_	_	

#Text=昏黄、呆滞、然而洞察秋毫，他穿着囚服被灯光圈在那底下，似乎本应该显得劣迹斑斑。
317-1	10626-10628	昏黄	_	_	_	_	_	_	
317-2	10628-10629	、	_	_	_	_	_	_	
317-3	10629-10631	呆滞	_	_	_	_	_	_	
317-4	10631-10632	、	_	_	_	_	_	_	
317-5	10632-10638	然而洞察秋毫	_	_	_	_	_	_	
317-6	10638-10639	，	_	_	_	_	_	_	
317-7	10639-10652	他穿着囚服被灯光圈在那底下	_	_	_	_	_	_	
317-7.1	10639-10640	他	锦户亮	_	_	_	_	_	
317-8	10652-10653	，	_	_	_	_	_	_	
317-9	10653-10664	似乎本应该显得劣迹斑斑	_	_	_	_	_	_	
317-10	10664-10665	。	_	_	_	_	_	_	

#Text=但他身上照不出任何一点可供人细数的罪。
318-1	10666-10684	但他身上照不出任何一点可供人细数的罪	_	_	_	_	_	_	
318-1.1	10667-10668	他	锦户亮	_	_	_	_	_	
318-2	10684-10685	。	_	_	_	_	_	_	

#Text=锦户亮自始至终没有认过罪。
319-1	10685-10697	锦户亮自始至终没有认过罪	_	_	_	_	_	_	
319-1.1	10685-10688	锦户亮	锦户亮	_	_	_	_	_	
319-2	10697-10698	。	_	_	_	_	_	_	

#Text=他把他现在所经历的东西全看做对生命的亏待与浪费，不知道去谁那里能找得到偿还；他一直、从来都不知道，或许到死也就这么被拖欠着。
320-1	10698-10721	他把他现在所经历的东西全看做对生命的亏待与浪费	_	_	_	_	_	_	
320-1.1	10698-10699	他	锦户亮	_	_	_	_	_	
320-1.2	10700-10701	他	锦户亮	_	_	_	_	_	
320-2	10721-10722	，	_	_	_	_	_	_	
320-3	10722-10735	不知道去谁那里能找得到偿还	_	_	_	_	_	_	
320-4	10735-10736	；	_	_	_	_	_	_	
320-5	10736-10739	他一直	_	_	_	_	_	_	
320-5.1	10736-10737	他	锦户亮	_	_	_	_	_	
320-6	10739-10740	、	_	_	_	_	_	_	
320-7	10740-10746	从来都不知道	_	_	_	_	_	_	
320-8	10746-10747	，	_	_	_	_	_	_	
320-9	10747-10759	或许到死也就这么被拖欠着	_	_	_	_	_	_	
320-10	10759-10760	。	_	_	_	_	_	_	

#Text=月光勾画出一个模糊的男性身影，咫尺之隔地立在栏杆边上，不知道什么时候在的。
321-1	10761-10775	月光勾画出一个模糊的男性身影	_	_	_	_	_	_	
321-1.1	10766-10775	一个模糊的男性身影	传话的男人	_	_	_	_	_	
321-2	10775-10776	，	_	_	_	_	_	_	
321-3	10776-10787	咫尺之隔地立在栏杆边上	_	_	_	_	_	_	
321-4	10787-10788	，	_	_	_	_	_	_	
321-5	10788-10797	不知道什么时候在的	_	_	_	_	_	_	
321-6	10797-10798	。	_	_	_	_	_	_	

#Text=“早安。
322-1	10799-10800	“	_	_	_	_	_	_	
322-2	10800-10802	早安	_	_	_	_	_	_	
322-3	10802-10803	。	_	_	_	_	_	_	

#Text=先生，”抛出一句话。
323-1	10803-10805	先生	锦户亮	_	_	_	_	_	
323-2	10805-10806	，	_	_	_	_	_	_	
323-3	10806-10807	”	_	_	_	_	_	_	
323-4	10807-10812	抛出一句话	_	_	_	_	_	_	
323-5	10812-10813	。	_	_	_	_	_	_	

#Text=他最近持续失眠很久。
324-1	10814-10823	他最近持续失眠很久	_	_	_	_	_	_	
324-1.1	10814-10815	他	锦户亮	_	_	_	_	_	
324-2	10823-10824	。	_	_	_	_	_	_	

#Text=坐车赶路的途中把头一低，反倒能迷迷糊糊闭眼就睡；异于往常的是他既不感到忧心也不激动，当然知道一定是有事情要发生；如果事不关己倒也算了，他完全能预感得到在这个晚上将是自己命运的转折点——但是内心某个由直觉把控的关卡让他不去思索那些，他或许是将死之人了。
325-1	10824-10835	坐车赶路的途中把头一低	_	_	_	_	_	_	
325-2	10835-10836	，	_	_	_	_	_	_	
325-3	10836-10847	反倒能迷迷糊糊闭眼就睡	_	_	_	_	_	_	
325-4	10847-10848	；	_	_	_	_	_	_	
325-5	10848-10865	异于往常的是他既不感到忧心也不激动	_	_	_	_	_	_	
325-5.1	10854-10855	他	锦户亮	_	_	_	_	_	
325-6	10865-10866	，	_	_	_	_	_	_	
325-7	10866-10879	当然知道一定是有事情要发生	_	_	_	_	_	_	
325-8	10879-10880	；	_	_	_	_	_	_	
325-9	10880-10890	如果事不关己倒也算了	_	_	_	_	_	_	
325-10	10890-10891	，	_	_	_	_	_	_	
325-11	10891-10914	他完全能预感得到在这个晚上将是自己命运的转折点	_	_	_	_	_	_	
325-11.1	10891-10892	他	锦户亮	_	_	_	_	_	
325-11.2	10906-10908	自己	锦户亮	_	_	_	_	_	
325-12	10914-10915	—	_	_	_	_	_	_	
325-13	10915-10916	—	_	_	_	_	_	_	
325-14	10916-10938	但是内心某个由直觉把控的关卡让他不去思索那些	_	_	_	_	_	_	
325-14.1	10931-10932	他	锦户亮	_	_	_	_	_	
325-15	10938-10939	，	_	_	_	_	_	_	
325-16	10939-10948	他或许是将死之人了	_	_	_	_	_	_	
325-16.1	10939-10940	他	锦户亮	_	_	_	_	_	
325-17	10948-10949	。	_	_	_	_	_	_	

#Text=人死前的脑海中不该有那么云谪波诡的阴沉东西。
326-1	10949-10970	人死前的脑海中不该有那么云谪波诡的阴沉东西	_	_	_	_	_	_	
326-2	10970-10971	。	_	_	_	_	_	_	

#Text=锦户定在那里，对这个不熟悉的声音暗自生疑。
327-1	10972-10978	锦户定在那里	_	_	_	_	_	_	
327-1.1	10972-10974	锦户	锦户亮	_	_	_	_	_	
327-2	10978-10979	，	_	_	_	_	_	_	
327-3	10979-10992	对这个不熟悉的声音暗自生疑	_	_	_	_	_	_	
327-4	10992-10993	。	_	_	_	_	_	_	

#Text=“——我猜你这段时间日子过得是不是蛮滋润。”
328-1	10993-10994	“	_	_	_	_	_	_	
328-2	10994-10995	—	_	_	_	_	_	_	
328-3	10995-10996	—	_	_	_	_	_	_	
328-4	10996-11013	我猜你这段时间日子过得是不是蛮滋润	_	_	_	_	_	_	
328-4.1	10996-10997	我	传话的男人	_	_	_	_	_	
328-4.2	10998-10999	你	锦户亮	_	_	_	_	_	
328-5	11013-11014	。	_	_	_	_	_	_	
328-6	11014-11015	”	_	_	_	_	_	_	

#Text=锦户起先想着这是讽刺他一日三餐顿顿吃牢饭，但男人补充道，“对一个犯罪者而言。”
329-1	11015-11035	锦户起先想着这是讽刺他一日三餐顿顿吃牢饭	_	_	_	_	_	_	
329-1.1	11015-11017	锦户	锦户亮	_	_	_	_	_	
329-1.2	11025-11026	他	锦户亮	_	_	_	_	_	
329-2	11035-11036	，	_	_	_	_	_	_	
329-3	11036-11042	但男人补充道	_	_	_	_	_	_	
329-3.1	11037-11039	男人	传话的男人	_	_	_	_	_	
329-4	11042-11043	，	_	_	_	_	_	_	
329-5	11043-11044	“	_	_	_	_	_	_	
329-6	11044-11052	对一个犯罪者而言	_	_	_	_	_	_	
329-7	11052-11053	。	_	_	_	_	_	_	
329-8	11053-11054	”	_	_	_	_	_	_	

#Text=锦户咽口水。
330-1	11055-11060	锦户咽口水	_	_	_	_	_	_	
330-1.1	11055-11057	锦户	锦户亮	_	_	_	_	_	
330-2	11060-11061	。	_	_	_	_	_	_	

#Text=“先生聪明过人，应该想过原因。
331-1	11062-11063	“	_	_	_	_	_	_	
331-2	11063-11069	先生聪明过人	_	_	_	_	_	_	
331-2.1	11063-11065	先生	锦户亮	_	_	_	_	_	
331-3	11069-11070	，	_	_	_	_	_	_	
331-4	11070-11076	应该想过原因	_	_	_	_	_	_	
331-5	11076-11077	。	_	_	_	_	_	_	

#Text=——不管你愿不愿意，这几个月七零八落的开销，其中包括你的救命钱...自己看过账本上医药费后头的署名么？
332-1	11077-11078	—	_	_	_	_	_	_	
332-2	11078-11079	—	_	_	_	_	_	_	
332-3	11079-11086	不管你愿不愿意	_	_	_	_	_	_	
332-3.1	11081-11082	你	锦户亮	_	_	_	_	_	
332-4	11086-11087	，	_	_	_	_	_	_	
332-5	11087-11098	这几个月七零八落的开销	_	_	_	_	_	_	
332-6	11098-11099	，	_	_	_	_	_	_	
332-7	11099-11108	其中包括你的救命钱	_	_	_	_	_	_	
332-7.1	11103-11104	你	锦户亮	_	_	_	_	_	
332-8	11108-11109	.	_	_	_	_	_	_	
332-9	11109-11110	.	_	_	_	_	_	_	
332-10	11110-11111	.	_	_	_	_	_	_	
332-11	11111-11127	自己看过账本上医药费后头的署名么	_	_	_	_	_	_	
332-11.1	11111-11113	自己	锦户亮	_	_	_	_	_	
332-12	11127-11128	？	_	_	_	_	_	_	

#Text=别搞错了。
333-1	11128-11132	别搞错了	_	_	_	_	_	_	
333-2	11132-11133	。	_	_	_	_	_	_	

#Text=这可不是国家拿公费来奖励你的功勋。"
334-1	11133-11149	这可不是国家拿公费来奖励你的功勋	_	_	_	_	_	_	
334-1.1	11145-11146	你	锦户亮	_	_	_	_	_	
334-2	11149-11150	。	_	_	_	_	_	_	
334-3	11150-11151	"	_	_	_	_	_	_	

#Text=“有人保你。”
335-1	11152-11153	“	_	_	_	_	_	_	
335-2	11153-11157	有人保你	_	_	_	_	_	_	
335-2.1	11153-11155	有人	德维特中将	_	_	_	_	_	
335-2.2	11156-11157	你	锦户亮	_	_	_	_	_	
335-3	11157-11158	。	_	_	_	_	_	_	
335-4	11158-11159	”	_	_	_	_	_	_	

#Text=男人话语一顿。
336-1	11160-11166	男人话语一顿	_	_	_	_	_	_	
336-1.1	11160-11162	男人	传话的男人	_	_	_	_	_	
336-2	11166-11167	。	_	_	_	_	_	_	

#Text=“有前提，你出去之后换个身份帮他做点事。
337-1	11167-11168	“	_	_	_	_	_	_	
337-2	11168-11171	有前提	_	_	_	_	_	_	
337-3	11171-11172	，	_	_	_	_	_	_	
337-4	11172-11186	你出去之后换个身份帮他做点事	_	_	_	_	_	_	
337-4.1	11172-11173	你	锦户亮	_	_	_	_	_	
337-4.2	11182-11183	他	德维特中将	_	_	_	_	_	
337-5	11186-11187	。	_	_	_	_	_	_	

#Text=你接受，明天假释，下个月出狱。”
338-1	11187-11190	你接受	_	_	_	_	_	_	
338-1.1	11187-11188	你	锦户亮	_	_	_	_	_	
338-2	11190-11191	，	_	_	_	_	_	_	
338-3	11191-11195	明天假释	_	_	_	_	_	_	
338-4	11195-11196	，	_	_	_	_	_	_	
338-5	11196-11201	下个月出狱	_	_	_	_	_	_	
338-6	11201-11202	。	_	_	_	_	_	_	
338-7	11202-11203	”	_	_	_	_	_	_	

#Text=锦户心下觉得事情不对，但他听见了“出狱”两个字眼。
339-1	11204-11214	锦户心下觉得事情不对	_	_	_	_	_	_	
339-1.1	11204-11206	锦户	锦户亮	_	_	_	_	_	
339-2	11214-11215	，	_	_	_	_	_	_	
339-3	11215-11220	但他听见了	_	_	_	_	_	_	
339-3.1	11216-11217	他	锦户亮	_	_	_	_	_	
339-4	11220-11221	“	_	_	_	_	_	_	
339-5	11221-11223	出狱	_	_	_	_	_	_	
339-6	11223-11224	”	_	_	_	_	_	_	
339-7	11224-11228	两个字眼	_	_	_	_	_	_	
339-8	11228-11229	。	_	_	_	_	_	_	

#Text=男人说：“文件马上就拟好。”
340-1	11230-11233	男人说	_	_	_	_	_	_	
340-1.1	11230-11232	男人	传话的男人	_	_	_	_	_	
340-2	11233-11234	：	_	_	_	_	_	_	
340-3	11234-11235	“	_	_	_	_	_	_	
340-4	11235-11242	文件马上就拟好	_	_	_	_	_	_	
340-5	11242-11243	。	_	_	_	_	_	_	
340-6	11243-11244	”	_	_	_	_	_	_	

#Text=锦户冷不防地：“给我付钱的是谁？”
341-1	11245-11251	锦户冷不防地	_	_	_	_	_	_	
341-1.1	11245-11247	锦户	锦户亮	_	_	_	_	_	
341-2	11251-11252	：	_	_	_	_	_	_	
341-3	11252-11253	“	_	_	_	_	_	_	
341-4	11253-11260	给我付钱的是谁	_	_	_	_	_	_	
341-4.1	11254-11255	我	锦户亮	_	_	_	_	_	
341-5	11260-11261	？	_	_	_	_	_	_	
341-6	11261-11262	”	_	_	_	_	_	_	

#Text=“——是谁？”
342-1	11263-11264	“	_	_	_	_	_	_	
342-2	11264-11265	—	_	_	_	_	_	_	
342-3	11265-11266	—	_	_	_	_	_	_	
342-4	11266-11268	是谁	_	_	_	_	_	_	
342-5	11268-11269	？	_	_	_	_	_	_	
342-6	11269-11270	”	_	_	_	_	_	_	

#Text=男人泄漏出半拍子错愕，僵着脸下意识把头往别侧一偏，一种问询的姿态——锦户立刻明白这个房间里不只有他们两张能讲话的嘴巴存在。
343-1	11270-11280	男人泄漏出半拍子错愕	_	_	_	_	_	_	
343-1.1	11270-11272	男人	传话的男人	One-Way	include	*	*	343-8.2	
343-2	11280-11281	，	_	_	_	_	_	_	
343-3	11281-11294	僵着脸下意识把头往别侧一偏	_	_	_	_	_	_	
343-4	11294-11295	，	_	_	_	_	_	_	
343-5	11295-11302	一种问询的姿态	_	_	_	_	_	_	
343-6	11302-11303	—	_	_	_	_	_	_	
343-7	11303-11304	—	_	_	_	_	_	_	
343-8	11304-11330	锦户立刻明白这个房间里不只有他们两张能讲话的嘴巴存在	_	_	_	_	_	_	
343-8.1	11304-11306	锦户	锦户亮	One-Way	include	*	*	343-8.2	
343-8.2	11318-11320	他们	锦户亮和传话的男人	_	_	_	_	_	
343-9	11330-11331	。	_	_	_	_	_	_	

#Text=片刻过后男人像得到了许可，转回来看他的眼神仿佛是说：你还在明知故问吗？
344-1	11331-11343	片刻过后男人像得到了许可	_	_	_	_	_	_	
344-1.1	11335-11337	男人	传话的男人	_	_	_	_	_	
344-2	11343-11344	，	_	_	_	_	_	_	
344-3	11344-11356	转回来看他的眼神仿佛是说	_	_	_	_	_	_	
344-3.1	11348-11349	他	锦户亮	_	_	_	_	_	
344-4	11356-11357	：	_	_	_	_	_	_	
344-5	11357-11365	你还在明知故问吗	_	_	_	_	_	_	
344-5.1	11357-11358	你	锦户亮	_	_	_	_	_	
344-6	11365-11366	？	_	_	_	_	_	_	

#Text=锦户摇摇头，心里一阵无言。
345-1	11367-11372	锦户摇摇头	_	_	_	_	_	_	
345-1.1	11367-11369	锦户	锦户亮	_	_	_	_	_	
345-2	11372-11373	，	_	_	_	_	_	_	
345-3	11373-11379	心里一阵无言	_	_	_	_	_	_	
345-4	11379-11380	。	_	_	_	_	_	_	

#Text=“德维特中将。”
346-1	11381-11382	“	_	_	_	_	_	_	
346-2	11382-11387	德维特中将	德维特中将	_	_	_	_	_	
346-3	11387-11388	。	_	_	_	_	_	_	
346-4	11388-11389	”	_	_	_	_	_	_	

#Text=他开口自己对问题作答，讲出来更像对这位在场的故人表达久别重逢的问候。
347-1	11390-11400	他开口自己对问题作答	_	_	_	_	_	_	
347-1.1	11390-11391	他	锦户亮	_	_	_	_	_	
347-1.2	11393-11395	自己	锦户亮	_	_	_	_	_	
347-2	11400-11401	，	_	_	_	_	_	_	
347-3	11401-11423	讲出来更像对这位在场的故人表达久别重逢的问候	_	_	_	_	_	_	
347-3.1	11407-11414	这位在场的故人	德维特中将	_	_	_	_	_	
347-4	11423-11424	。	_	_	_	_	_	_	

#Text=一时没人回应。
348-1	11425-11431	一时没人回应	_	_	_	_	_	_	
348-2	11431-11432	。	_	_	_	_	_	_	

#Text=“故弄玄虚。
349-1	11433-11434	“	_	_	_	_	_	_	
349-2	11434-11438	故弄玄虚	_	_	_	_	_	_	
349-3	11438-11439	。	_	_	_	_	_	_	

#Text=没意思，你出来，”锦户没好气地。
350-1	11439-11442	没意思	_	_	_	_	_	_	
350-2	11442-11443	，	_	_	_	_	_	_	
350-3	11443-11446	你出来	_	_	_	_	_	_	
350-3.1	11443-11444	你	德维特中将	_	_	_	_	_	
350-4	11446-11447	，	_	_	_	_	_	_	
350-5	11447-11448	”	_	_	_	_	_	_	
350-6	11448-11454	锦户没好气地	_	_	_	_	_	_	
350-6.1	11448-11450	锦户	锦户亮	_	_	_	_	_	
350-7	11454-11455	。	_	_	_	_	_	_	

#Text=“……”
#Text=不过半晌，远处一个身影拿他没办法似的向前移动几步，不情不愿，长靴子的跟踩在地上硿硿地响；空气中很快具现出德维特那张道貌岸然的脸。
351-1	11456-11457	“	_	_	_	_	_	_	
351-2	11457-11458	…	_	_	_	_	_	_	
351-3	11458-11459	…	_	_	_	_	_	_	
351-4	11459-11460	”	_	_	_	_	_	_	
351-5	11461-11465	不过半晌	_	_	_	_	_	_	
351-6	11465-11466	，	_	_	_	_	_	_	
351-7	11466-11485	远处一个身影拿他没办法似的向前移动几步	_	_	_	_	_	_	
351-7.1	11468-11472	一个身影	德维特中将	_	_	_	_	_	
351-7.2	11473-11474	他	锦户亮	_	_	_	_	_	
351-8	11485-11486	，	_	_	_	_	_	_	
351-9	11486-11490	不情不愿	_	_	_	_	_	_	
351-10	11490-11491	，	_	_	_	_	_	_	
351-11	11491-11504	长靴子的跟踩在地上硿硿地响	_	_	_	_	_	_	
351-12	11504-11505	；	_	_	_	_	_	_	
351-13	11505-11524	空气中很快具现出德维特那张道貌岸然的脸	_	_	_	_	_	_	
351-13.1	11513-11516	德维特	德维特中将	_	_	_	_	_	
351-14	11524-11525	。	_	_	_	_	_	_	

#Text=皮笑肉不笑。
352-1	11526-11531	皮笑肉不笑	_	_	_	_	_	_	
352-1.1	11531-11531		德维特中将	_	_	_	_	_	
352-2	11531-11532	。	_	_	_	_	_	_	

#Text=锦户想，阴测测竖起一对眼睛，在 黑暗里紧锁着他不放。
353-1	11532-11535	锦户想	_	_	_	_	_	_	
353-1.1	11532-11534	锦户	锦户亮	_	_	_	_	_	
353-2	11535-11536	，	_	_	_	_	_	_	
353-3	11536-11545	阴测测竖起一对眼睛	_	_	_	_	_	_	
353-4	11545-11546	，	_	_	_	_	_	_	
353-5	11546-11547	在	_	_	_	_	_	_	
353-6	11548-11557	黑暗里紧锁着他不放	_	_	_	_	_	_	
353-6.1	11554-11555	他	德维特中将	One-Way	include	*	*	355-9.2	
353-7	11557-11558	。	_	_	_	_	_	_	

#Text="......所以，你知，我知，他知，就这样。”
354-1	11559-11560	"	_	_	_	_	_	_	
354-2	11560-11561	.	_	_	_	_	_	_	
354-3	11561-11562	.	_	_	_	_	_	_	
354-4	11562-11563	.	_	_	_	_	_	_	
354-5	11563-11564	.	_	_	_	_	_	_	
354-6	11564-11565	.	_	_	_	_	_	_	
354-7	11565-11566	.	_	_	_	_	_	_	
354-8	11566-11568	所以	_	_	_	_	_	_	
354-9	11568-11569	，	_	_	_	_	_	_	
354-10	11569-11571	你知	_	_	_	_	_	_	
354-10.1	11569-11570	你	锦户亮	_	_	_	_	_	
354-11	11571-11572	，	_	_	_	_	_	_	
354-12	11572-11574	我知	_	_	_	_	_	_	
354-12.1	11572-11573	我	传话的男人	_	_	_	_	_	
354-13	11574-11575	，	_	_	_	_	_	_	
354-14	11575-11577	他知	_	_	_	_	_	_	
354-14.1	11575-11576	他	德维特中将	_	_	_	_	_	
354-15	11577-11578	，	_	_	_	_	_	_	
354-16	11578-11581	就这样	_	_	_	_	_	_	
354-17	11581-11582	。	_	_	_	_	_	_	
354-18	11582-11583	”	_	_	_	_	_	_	

#Text=充当传音筒的男人再次开口，语气冠冕堂皇——“首先，我我们能保证你干过的这趟腌臜事我是不会说出去的，而且你得知道，中将同意这笔交易，不是被你的小把戏打动了的缘故。
355-1	11583-11595	充当传音筒的男人再次开口	_	_	_	_	_	_	
355-1.1	11583-11591	充当传音筒的男人	传话的男人	One-Way	include	*	*	355-9.2	
355-2	11595-11596	，	_	_	_	_	_	_	
355-3	11596-11602	语气冠冕堂皇	_	_	_	_	_	_	
355-4	11602-11603	—	_	_	_	_	_	_	
355-5	11603-11604	—	_	_	_	_	_	_	
355-6	11604-11605	“	_	_	_	_	_	_	
355-7	11605-11607	首先	_	_	_	_	_	_	
355-8	11607-11608	，	_	_	_	_	_	_	
355-9	11608-11631	我我们能保证你干过的这趟腌臜事我是不会说出去的	_	_	_	_	_	_	
355-9.1	11608-11609	我	传话的男人	_	_	_	_	_	
355-9.2	11609-11611	我们	传话的男人和德维特中将	_	_	_	_	_	
355-9.3	11614-11615	你	锦户亮	_	_	_	_	_	
355-9.4	11623-11624	我	传话的男人	_	_	_	_	_	
355-10	11631-11632	，	_	_	_	_	_	_	
355-11	11632-11638	而且你得知道	_	_	_	_	_	_	
355-11.1	11634-11635	你	锦户亮	_	_	_	_	_	
355-12	11638-11639	，	_	_	_	_	_	_	
355-13	11639-11647	中将同意这笔交易	_	_	_	_	_	_	
355-13.1	11639-11641	中将	德维特中将	_	_	_	_	_	
355-14	11647-11648	，	_	_	_	_	_	_	
355-15	11648-11662	不是被你的小把戏打动了的缘故	_	_	_	_	_	_	
355-15.1	11651-11652	你	锦户亮	_	_	_	_	_	
355-16	11662-11663	。	_	_	_	_	_	_	

#Text=这是同情——毕竟中将你哪勾得上？”
356-1	11663-11667	这是同情	_	_	_	_	_	_	
356-2	11667-11668	—	_	_	_	_	_	_	
356-3	11668-11669	—	_	_	_	_	_	_	
356-4	11669-11678	毕竟中将你哪勾得上	_	_	_	_	_	_	
356-4.1	11671-11673	中将	德维特中将	_	_	_	_	_	
356-4.2	11673-11674	你	锦户亮	_	_	_	_	_	
356-5	11678-11679	？	_	_	_	_	_	_	
356-6	11679-11680	”	_	_	_	_	_	_	

#Text=嗯？
357-1	11681-11682	嗯	_	_	_	_	_	_	
357-2	11682-11683	？	_	_	_	_	_	_	

#Text=“——你说我干什么了？”
358-1	11683-11684	“	_	_	_	_	_	_	
358-2	11684-11685	—	_	_	_	_	_	_	
358-3	11685-11686	—	_	_	_	_	_	_	
358-4	11686-11693	你说我干什么了	_	_	_	_	_	_	
358-4.1	11686-11687	你	传话的男人	_	_	_	_	_	
358-4.2	11688-11689	我	锦户亮	_	_	_	_	_	
358-5	11693-11694	？	_	_	_	_	_	_	
358-6	11694-11695	”	_	_	_	_	_	_	

#Text=锦户敏感地一抬头。
359-1	11695-11703	锦户敏感地一抬头	_	_	_	_	_	_	
359-1.1	11695-11697	锦户	锦户亮	_	_	_	_	_	
359-2	11703-11704	。	_	_	_	_	_	_	

#Text=“干什么了？”
360-1	11705-11706	“	_	_	_	_	_	_	
360-2	11706-11710	干什么了	_	_	_	_	_	_	
360-2.1	11707-11707		锦户亮	_	_	_	_	_	
360-3	11710-11711	？	_	_	_	_	_	_	
360-4	11711-11712	”	_	_	_	_	_	_	

#Text=男人胁肩谄笑，“问问你自己身上流的血...你倒是深得家传呀，你母亲得花柳病死的，她可是卖屁股供你上的大学。
361-1	11712-11718	男人胁肩谄笑	_	_	_	_	_	_	
361-1.1	11712-11714	男人	传话的男人	_	_	_	_	_	
361-2	11718-11719	，	_	_	_	_	_	_	
361-3	11719-11720	“	_	_	_	_	_	_	
361-4	11720-11730	问问你自己身上流的血	_	_	_	_	_	_	
361-4.1	11722-11725	你自己	锦户亮	_	_	_	_	_	
361-5	11730-11731	.	_	_	_	_	_	_	
361-6	11731-11732	.	_	_	_	_	_	_	
361-7	11732-11733	.	_	_	_	_	_	_	
361-8	11733-11741	你倒是深得家传呀	_	_	_	_	_	_	
361-8.1	11733-11734	你	锦户亮	_	_	_	_	_	
361-9	11741-11742	，	_	_	_	_	_	_	
361-10	11742-11751	你母亲得花柳病死的	_	_	_	_	_	_	
361-10.1	11742-11745	你母亲	锦户亮的母亲	_	_	_	_	_	
361-10.2	11742-11743	你	锦户亮	_	_	_	_	_	
361-11	11751-11752	，	_	_	_	_	_	_	
361-12	11752-11764	她可是卖屁股供你上的大学	_	_	_	_	_	_	
361-12.1	11752-11753	她	锦户亮的母亲	_	_	_	_	_	
361-12.2	11759-11760	你	锦户亮	_	_	_	_	_	
361-13	11764-11765	。	_	_	_	_	_	_	

#Text=唉，唏嘘，希望你出人头地呢，可惜想不到最后为了活命，儿子还是重操她的旧业......”锦户气急：“你闭嘴，”重心不稳，简直差点要撞出墙去，反倒后头的德维特先一步制止了他再往下说。
362-1	11765-11766	唉	_	_	_	_	_	_	
362-2	11766-11767	，	_	_	_	_	_	_	
362-3	11767-11769	唏嘘	_	_	_	_	_	_	
362-4	11769-11770	，	_	_	_	_	_	_	
362-5	11770-11778	希望你出人头地呢	_	_	_	_	_	_	
362-5.1	11772-11773	你	锦户亮	_	_	_	_	_	
362-6	11778-11779	，	_	_	_	_	_	_	
362-7	11779-11790	可惜想不到最后为了活命	_	_	_	_	_	_	
362-8	11790-11791	，	_	_	_	_	_	_	
362-9	11791-11801	儿子还是重操她的旧业	_	_	_	_	_	_	
362-9.1	11791-11793	儿子	锦户亮	_	_	_	_	_	
362-9.2	11797-11798	她	锦户亮的母亲	_	_	_	_	_	
362-10	11801-11802	.	_	_	_	_	_	_	
362-11	11802-11803	.	_	_	_	_	_	_	
362-12	11803-11804	.	_	_	_	_	_	_	
362-13	11804-11805	.	_	_	_	_	_	_	
362-14	11805-11806	.	_	_	_	_	_	_	
362-15	11806-11807	.	_	_	_	_	_	_	
362-16	11807-11808	”	_	_	_	_	_	_	
362-17	11808-11812	锦户气急	_	_	_	_	_	_	
362-17.1	11808-11810	锦户	锦户亮	_	_	_	_	_	
362-18	11812-11813	：	_	_	_	_	_	_	
362-19	11813-11814	“	_	_	_	_	_	_	
362-20	11814-11817	你闭嘴	_	_	_	_	_	_	
362-20.1	11814-11815	你	传话的男人	_	_	_	_	_	
362-21	11817-11818	，	_	_	_	_	_	_	
362-22	11818-11819	”	_	_	_	_	_	_	
362-23	11819-11823	重心不稳	_	_	_	_	_	_	
362-24	11823-11824	，	_	_	_	_	_	_	
362-25	11824-11833	简直差点要撞出墙去	_	_	_	_	_	_	
362-26	11833-11834	，	_	_	_	_	_	_	
362-27	11834-11853	反倒后头的德维特先一步制止了他再往下说	_	_	_	_	_	_	
362-27.1	11839-11842	德维特	德维特中将	_	_	_	_	_	
362-27.2	11848-11849	他	锦户亮	_	_	_	_	_	
362-28	11853-11854	。	_	_	_	_	_	_	

#Text=锦户手抓在铁栏杆上瞪着他们：“你们翻我入伍前的资料。”
363-1	11855-11868	锦户手抓在铁栏杆上瞪着他们	_	_	_	_	_	_	
363-1.1	11855-11857	锦户	锦户亮	_	_	_	_	_	
363-1.2	11866-11868	他们	传话的男人和德维特中将	_	_	_	_	_	
363-2	11868-11869	：	_	_	_	_	_	_	
363-3	11869-11870	“	_	_	_	_	_	_	
363-4	11870-11880	你们翻我入伍前的资料	_	_	_	_	_	_	
363-4.1	11870-11872	你们	传话的男人和德维特中将	_	_	_	_	_	
363-4.2	11873-11874	我	锦户亮	_	_	_	_	_	
363-5	11880-11881	。	_	_	_	_	_	_	
363-6	11881-11882	”	_	_	_	_	_	_	

#Text=“我们什么资料都有。”
364-1	11883-11884	“	_	_	_	_	_	_	
364-2	11884-11892	我们什么资料都有	_	_	_	_	_	_	
364-2.1	11884-11886	我们	传话的男人和德维特中将	_	_	_	_	_	
364-3	11892-11893	。	_	_	_	_	_	_	
364-4	11893-11894	”	_	_	_	_	_	_	

#Text=他把笑容放大，“你忘了当过兵，亲爱的。”
365-1	11895-11901	他把笑容放大	_	_	_	_	_	_	
365-1.1	11895-11896	他	传话的男人	One-Way	include	*	*	393-1.1	
365-2	11901-11902	，	_	_	_	_	_	_	
365-3	11902-11903	“	_	_	_	_	_	_	
365-4	11903-11909	你忘了当过兵	_	_	_	_	_	_	
365-4.1	11903-11904	你	锦户亮	_	_	_	_	_	
365-5	11909-11910	，	_	_	_	_	_	_	
365-6	11910-11913	亲爱的	锦户亮	_	_	_	_	_	
365-7	11913-11914	。	_	_	_	_	_	_	
365-8	11914-11915	”	_	_	_	_	_	_	

#Text=“——这是个骗局，谁他妈知道你们在想些什么，我没有提出过什么交易，”锦户直到现在才完全懂了，胸口呼哧呼哧堵塞着，肺里充斥了戒烟期的酸疼。
366-1	11916-11917	“	_	_	_	_	_	_	
366-2	11917-11918	—	_	_	_	_	_	_	
366-3	11918-11919	—	_	_	_	_	_	_	
366-4	11919-11924	这是个骗局	_	_	_	_	_	_	
366-5	11924-11925	，	_	_	_	_	_	_	
366-6	11925-11937	谁他妈知道你们在想些什么	_	_	_	_	_	_	
366-6.1	11930-11932	你们	传话的男人和德维特中将	_	_	_	_	_	
366-7	11937-11938	，	_	_	_	_	_	_	
366-8	11938-11948	我没有提出过什么交易	_	_	_	_	_	_	
366-8.1	11938-11939	我	锦户亮	_	_	_	_	_	
366-9	11948-11949	，	_	_	_	_	_	_	
366-10	11949-11950	”	_	_	_	_	_	_	
366-11	11950-11961	锦户直到现在才完全懂了	_	_	_	_	_	_	
366-11.1	11950-11952	锦户	锦户亮	_	_	_	_	_	
366-12	11961-11962	，	_	_	_	_	_	_	
366-13	11962-11971	胸口呼哧呼哧堵塞着	_	_	_	_	_	_	
366-14	11971-11972	，	_	_	_	_	_	_	
366-15	11972-11983	肺里充斥了戒烟期的酸疼	_	_	_	_	_	_	
366-16	11983-11984	。	_	_	_	_	_	_	

#Text=他是枚棋，只能走方格边沿上固定的经纬线。
367-1	11984-11988	他是枚棋	_	_	_	_	_	_	
367-1.1	11984-11985	他	锦户亮	_	_	_	_	_	
367-2	11988-11989	，	_	_	_	_	_	_	
367-3	11989-12003	只能走方格边沿上固定的经纬线	_	_	_	_	_	_	
367-4	12003-12004	。	_	_	_	_	_	_	

#Text=拒绝是个死。
368-1	12004-12009	拒绝是个死	_	_	_	_	_	_	
368-2	12009-12010	。	_	_	_	_	_	_	

#Text=接受不一定死，但博弈的两方只是黑与白，没有灰。
369-1	12010-12016	接受不一定死	_	_	_	_	_	_	
369-2	12016-12017	，	_	_	_	_	_	_	
369-3	12017-12028	但博弈的两方只是黑与白	_	_	_	_	_	_	
369-4	12028-12029	，	_	_	_	_	_	_	
369-5	12029-12032	没有灰	_	_	_	_	_	_	
369-6	12032-12033	。	_	_	_	_	_	_	

#Text=没有他可以寄生的颜色。
370-1	12033-12043	没有他可以寄生的颜色	_	_	_	_	_	_	
370-1.1	12035-12036	他	锦户亮	_	_	_	_	_	
370-2	12043-12044	。	_	_	_	_	_	_	

#Text=栏外的两人沉默。
371-1	12045-12052	栏外的两人沉默	_	_	_	_	_	_	
371-1.1	12048-12050	两人	传话的男人和德维特中将	_	_	_	_	_	
371-2	12052-12053	。	_	_	_	_	_	_	

#Text=“——人渣， 混蛋，你们他妈的不得好死，”他不记得自己有没有这么骂出来过了，那时候他喉咙干涩，意识不清。
372-1	12054-12055	“	_	_	_	_	_	_	
372-2	12055-12056	—	_	_	_	_	_	_	
372-3	12056-12057	—	_	_	_	_	_	_	
372-4	12057-12059	人渣	_	_	_	_	_	_	
372-5	12059-12060	，	_	_	_	_	_	_	
372-6	12061-12063	混蛋	_	_	_	_	_	_	
372-7	12063-12064	，	_	_	_	_	_	_	
372-8	12064-12073	你们他妈的不得好死	_	_	_	_	_	_	
372-8.1	12064-12066	你们	传话的男人和德维特中将	_	_	_	_	_	
372-9	12073-12074	，	_	_	_	_	_	_	
372-10	12074-12075	”	_	_	_	_	_	_	
372-11	12075-12091	他不记得自己有没有这么骂出来过了	_	_	_	_	_	_	
372-11.1	12075-12076	他	锦户亮	_	_	_	_	_	
372-11.2	12079-12081	自己	锦户亮	_	_	_	_	_	
372-12	12091-12092	，	_	_	_	_	_	_	
372-13	12092-12100	那时候他喉咙干涩	_	_	_	_	_	_	
372-13.1	12095-12096	他	锦户亮	_	_	_	_	_	
372-14	12100-12101	，	_	_	_	_	_	_	
372-15	12101-12105	意识不清	_	_	_	_	_	_	
372-16	12105-12106	。	_	_	_	_	_	_	

#Text=应该没有骂出来。
373-1	12106-12113	应该没有骂出来	_	_	_	_	_	_	
373-2	12113-12114	。	_	_	_	_	_	_	

#Text=他在世上空落落一个人，也不知是不是能被看作人。
374-1	12115-12125	他在世上空落落一个人	_	_	_	_	_	_	
374-1.1	12115-12116	他	锦户亮	_	_	_	_	_	
374-2	12125-12126	，	_	_	_	_	_	_	
374-3	12126-12137	也不知是不是能被看作人	_	_	_	_	_	_	
374-4	12137-12138	。	_	_	_	_	_	_	

#Text=从前线上下来后半个月，临时军医院里支了好几个白布棚，伤员一批批退下来了，只是胜利遥遥无期。
375-1	12138-12148	从前线上下来后半个月	_	_	_	_	_	_	
375-2	12148-12149	，	_	_	_	_	_	_	
375-3	12149-12163	临时军医院里支了好几个白布棚	_	_	_	_	_	_	
375-4	12163-12164	，	_	_	_	_	_	_	
375-5	12164-12173	伤员一批批退下来了	_	_	_	_	_	_	
375-5.1	12164-12166	伤员	伤员	_	_	_	_	_	
375-6	12173-12174	，	_	_	_	_	_	_	
375-7	12174-12182	只是胜利遥遥无期	_	_	_	_	_	_	
375-8	12182-12183	。	_	_	_	_	_	_	

#Text=腐臭、过浓的消毒水和塑料制品气味直叫人头晕目眩，锦户的负伤战友血糊了满脸，躺在帘子边上“硿硿硿”边咳边笑：“这味道跟鸦片馆似的。”
376-1	12183-12185	腐臭	_	_	_	_	_	_	
376-2	12185-12186	、	_	_	_	_	_	_	
376-3	12186-12206	过浓的消毒水和塑料制品气味直叫人头晕目眩	_	_	_	_	_	_	
376-4	12206-12207	，	_	_	_	_	_	_	
376-5	12207-12219	锦户的负伤战友血糊了满脸	_	_	_	_	_	_	
376-5.1	12207-12214	锦户的负伤战友	锦户亮的负伤战友	_	_	_	_	_	
376-5.2	12207-12209	锦户	锦户亮	_	_	_	_	_	
376-6	12219-12220	，	_	_	_	_	_	_	
376-7	12220-12226	躺在帘子边上	_	_	_	_	_	_	
376-8	12226-12227	“	_	_	_	_	_	_	
376-9	12227-12230	硿硿硿	_	_	_	_	_	_	
376-10	12230-12231	”	_	_	_	_	_	_	
376-11	12231-12235	边咳边笑	_	_	_	_	_	_	
376-12	12235-12236	：	_	_	_	_	_	_	
376-13	12236-12237	“	_	_	_	_	_	_	
376-14	12237-12246	这味道跟鸦片馆似的	_	_	_	_	_	_	
376-15	12246-12247	。	_	_	_	_	_	_	
376-16	12247-12248	”	_	_	_	_	_	_	

#Text=锦户两眼一翻说“吸鸦片的也不像你现在这样。”
377-1	12248-12255	锦户两眼一翻说	_	_	_	_	_	_	
377-1.1	12248-12250	锦户	锦户亮	_	_	_	_	_	
377-2	12255-12256	“	_	_	_	_	_	_	
377-3	12256-12268	吸鸦片的也不像你现在这样	_	_	_	_	_	_	
377-3.1	12263-12264	你	锦户的负伤战友	_	_	_	_	_	
377-4	12268-12269	。	_	_	_	_	_	_	
377-5	12269-12270	”	_	_	_	_	_	_	

#Text=然后仰起脖子，好像对这一切都看不下去了。
378-1	12270-12276	然后仰起脖子	_	_	_	_	_	_	
378-2	12276-12277	，	_	_	_	_	_	_	
378-3	12277-12289	好像对这一切都看不下去了	_	_	_	_	_	_	
378-4	12289-12290	。	_	_	_	_	_	_	

#Text=他战友被转移时的样子更加惨不忍看，护士架起人来的动作太粗暴生硬，残肢上露出森森白骨，显得后来他寂静的死状也非常悄怆。
379-1	12291-12307	他战友被转移时的样子更加惨不忍看	_	_	_	_	_	_	
379-1.1	12291-12294	他战友	锦户的负伤战友	_	_	_	_	_	
379-1.2	12291-12292	他	锦户亮	_	_	_	_	_	
379-2	12307-12308	，	_	_	_	_	_	_	
379-3	12308-12322	护士架起人来的动作太粗暴生硬	_	_	_	_	_	_	
379-3.1	12308-12310	护士	护士	_	_	_	_	_	
379-4	12322-12323	，	_	_	_	_	_	_	
379-5	12323-12332	残肢上露出森森白骨	_	_	_	_	_	_	
379-6	12332-12333	，	_	_	_	_	_	_	
379-7	12333-12348	显得后来他寂静的死状也非常悄怆	_	_	_	_	_	_	
379-7.1	12337-12338	他	锦户的负伤战友	_	_	_	_	_	
379-8	12348-12349	。	_	_	_	_	_	_	

#Text=他后来告诉他，“你要活啊。
380-1	12350-12356	他后来告诉他	_	_	_	_	_	_	
380-1.1	12350-12351	他	锦户的负伤战友	_	_	_	_	_	
380-1.2	12355-12356	他	锦户亮	_	_	_	_	_	
380-2	12356-12357	，	_	_	_	_	_	_	
380-3	12357-12358	“	_	_	_	_	_	_	
380-4	12358-12362	你要活啊	_	_	_	_	_	_	
380-4.1	12358-12359	你	锦户亮	_	_	_	_	_	
380-5	12362-12363	。	_	_	_	_	_	_	

#Text=能捡条命肯定胜过没有，即使不是你自己的命。”
381-1	12363-12373	能捡条命肯定胜过没有	_	_	_	_	_	_	
381-2	12373-12374	，	_	_	_	_	_	_	
381-3	12374-12383	即使不是你自己的命	_	_	_	_	_	_	
381-3.1	12378-12381	你自己	锦户亮	_	_	_	_	_	
381-4	12383-12384	。	_	_	_	_	_	_	
381-5	12384-12385	”	_	_	_	_	_	_	

#Text=“锦户。”
382-1	12386-12387	“	_	_	_	_	_	_	
382-2	12387-12389	锦户	锦户亮	_	_	_	_	_	
382-3	12389-12390	。	_	_	_	_	_	_	
382-4	12390-12391	”	_	_	_	_	_	_	

#Text=男人蹩脚地念着日文，滑稽的发音像有一种对未开化者的嘲笑，“名字听上去倒是家财万贯，可惜姓名和外表一样都只是个空壳——”他的手穿过栏杆狭窄的间隙，讽刺地摸上锦户的脸蛋，“——生在棚户区里东洋的种，再怎么漂亮聪明也是白瞎，你能活下来，得跪下来感激中将的一片仁心知道吗。”
383-1	12391-12400	男人蹩脚地念着日文	_	_	_	_	_	_	
383-1.1	12391-12393	男人	传话的男人	_	_	_	_	_	
383-2	12400-12401	，	_	_	_	_	_	_	
383-3	12401-12418	滑稽的发音像有一种对未开化者的嘲笑	_	_	_	_	_	_	
383-4	12418-12419	，	_	_	_	_	_	_	
383-5	12419-12420	“	_	_	_	_	_	_	
383-6	12420-12431	名字听上去倒是家财万贯	_	_	_	_	_	_	
383-7	12431-12432	，	_	_	_	_	_	_	
383-8	12432-12447	可惜姓名和外表一样都只是个空壳	_	_	_	_	_	_	
383-9	12447-12448	—	_	_	_	_	_	_	
383-10	12448-12449	—	_	_	_	_	_	_	
383-11	12449-12450	”	_	_	_	_	_	_	
383-12	12450-12462	他的手穿过栏杆狭窄的间隙	_	_	_	_	_	_	
383-12.1	12450-12451	他	传话的男人	_	_	_	_	_	
383-13	12462-12463	，	_	_	_	_	_	_	
383-14	12463-12473	讽刺地摸上锦户的脸蛋	_	_	_	_	_	_	
383-14.1	12468-12470	锦户	锦户亮	_	_	_	_	_	
383-15	12473-12474	，	_	_	_	_	_	_	
383-16	12474-12475	“	_	_	_	_	_	_	
383-17	12475-12476	—	_	_	_	_	_	_	
383-18	12476-12477	—	_	_	_	_	_	_	
383-19	12477-12487	生在棚户区里东洋的种	锦户亮	_	_	_	_	_	
383-20	12487-12488	，	_	_	_	_	_	_	
383-21	12488-12499	再怎么漂亮聪明也是白瞎	_	_	_	_	_	_	
383-22	12499-12500	，	_	_	_	_	_	_	
383-23	12500-12505	你能活下来	_	_	_	_	_	_	
383-23.1	12500-12501	你	锦户亮	_	_	_	_	_	
383-24	12505-12506	，	_	_	_	_	_	_	
383-25	12506-12522	得跪下来感激中将的一片仁心知道吗	_	_	_	_	_	_	
383-25.1	12512-12514	中将	德维特中将	_	_	_	_	_	
383-26	12522-12523	。	_	_	_	_	_	_	
383-27	12523-12524	”	_	_	_	_	_	_	

#Text=德维特从容地走上前，锦户呆在原地，一句话也不答，“好了。
384-1	12525-12534	德维特从容地走上前	_	_	_	_	_	_	
384-1.1	12525-12528	德维特	德维特中将	_	_	_	_	_	
384-2	12534-12535	，	_	_	_	_	_	_	
384-3	12535-12541	锦户呆在原地	_	_	_	_	_	_	
384-3.1	12535-12537	锦户	锦户亮	_	_	_	_	_	
384-4	12541-12542	，	_	_	_	_	_	_	
384-5	12542-12548	一句话也不答	_	_	_	_	_	_	
384-6	12548-12549	，	_	_	_	_	_	_	
384-7	12549-12550	“	_	_	_	_	_	_	
384-8	12550-12552	好了	_	_	_	_	_	_	
384-9	12552-12553	。	_	_	_	_	_	_	

#Text=够了。”
385-1	12553-12555	够了	_	_	_	_	_	_	
385-2	12555-12556	。	_	_	_	_	_	_	
385-3	12556-12557	”	_	_	_	_	_	_	

#Text=他对传音筒先生冷言冷语，再接着话音一转，“——晚安，亮，后天会有人来接你——理好东西，一句话也别说。
386-1	12557-12568	他对传音筒先生冷言冷语	_	_	_	_	_	_	
386-1.1	12557-12558	他	德维特中将	_	_	_	_	_	
386-2	12568-12569	，	_	_	_	_	_	_	
386-3	12569-12576	再接着话音一转	_	_	_	_	_	_	
386-4	12576-12577	，	_	_	_	_	_	_	
386-5	12577-12578	“	_	_	_	_	_	_	
386-6	12578-12579	—	_	_	_	_	_	_	
386-7	12579-12580	—	_	_	_	_	_	_	
386-8	12580-12582	晚安	_	_	_	_	_	_	
386-9	12582-12583	，	_	_	_	_	_	_	
386-10	12583-12584	亮	锦户亮	_	_	_	_	_	
386-11	12584-12585	，	_	_	_	_	_	_	
386-12	12585-12593	后天会有人来接你	_	_	_	_	_	_	
386-12.1	12592-12593	你	锦户亮	_	_	_	_	_	
386-13	12593-12594	—	_	_	_	_	_	_	
386-14	12594-12595	—	_	_	_	_	_	_	
386-15	12595-12599	理好东西	_	_	_	_	_	_	
386-16	12599-12600	，	_	_	_	_	_	_	
386-17	12600-12606	一句话也别说	_	_	_	_	_	_	
386-18	12606-12607	。	_	_	_	_	_	_	

#Text=好吗？”
387-1	12607-12609	好吗	_	_	_	_	_	_	
387-2	12609-12610	？	_	_	_	_	_	_	
387-3	12610-12611	”	_	_	_	_	_	_	

#Text=他远远朝锦户挤出一个微不可闻的微笑，像说“不用谢我”。
388-1	12612-12629	他远远朝锦户挤出一个微不可闻的微笑	_	_	_	_	_	_	
388-1.1	12612-12613	他	德维特中将	_	_	_	_	_	
388-1.2	12616-12618	锦户	锦户亮	_	_	_	_	_	
388-2	12629-12630	，	_	_	_	_	_	_	
388-3	12630-12632	像说	_	_	_	_	_	_	
388-4	12632-12633	“	_	_	_	_	_	_	
388-5	12633-12637	不用谢我	_	_	_	_	_	_	
388-5.1	12636-12637	我	德维特中将	_	_	_	_	_	
388-6	12637-12638	”	_	_	_	_	_	_	
388-7	12638-12639	。	_	_	_	_	_	_	

#Text=锦户知道这一切都不是征询意见。
389-1	12640-12654	锦户知道这一切都不是征询意见	_	_	_	_	_	_	
389-1.1	12640-12642	锦户	锦户亮	One-Way	include	*	*	393-1.1	
389-2	12654-12655	。	_	_	_	_	_	_	

#Text=是个通知，或者说示威。
390-1	12655-12659	是个通知	_	_	_	_	_	_	
390-2	12659-12660	，	_	_	_	_	_	_	
390-3	12660-12665	或者说示威	_	_	_	_	_	_	
390-4	12665-12666	。	_	_	_	_	_	_	

#Text=他听着心凉，觉得虚伪。
391-1	12666-12671	他听着心凉	_	_	_	_	_	_	
391-1.1	12666-12667	他	锦户亮	_	_	_	_	_	
391-2	12671-12672	，	_	_	_	_	_	_	
391-3	12672-12676	觉得虚伪	_	_	_	_	_	_	
391-4	12676-12677	。	_	_	_	_	_	_	

#Text=德维特走前说：“那么有缘再见。”
392-1	12678-12684	德维特走前说	_	_	_	_	_	_	
392-1.1	12678-12681	德维特	德维特中将	One-Way	include	*	*	393-1.1	
392-2	12684-12685	：	_	_	_	_	_	_	
392-3	12685-12686	“	_	_	_	_	_	_	
392-4	12686-12692	那么有缘再见	_	_	_	_	_	_	
392-5	12692-12693	。	_	_	_	_	_	_	
392-6	12693-12694	”	_	_	_	_	_	_	

#Text=但是大家都知道再也不见了。
393-1	12695-12707	但是大家都知道再也不见了	_	_	_	_	_	_	
393-1.1	12697-12699	大家	传话的男人，德维特中将和锦户亮	_	_	_	_	_	
393-2	12707-12708	。	_	_	_	_	_	_	

#Text=关上的门和窗把月光锁在外面。
394-1	12709-12722	关上的门和窗把月光锁在外面	_	_	_	_	_	_	
394-2	12722-12723	。	_	_	_	_	_	_	

#Text=一片寂静一片荒芜。
395-1	12723-12731	一片寂静一片荒芜	_	_	_	_	_	_	
395-2	12731-12732	。	_	_	_	_	_	_	

#Text=他独自默默然念着自己的名字，妈妈给取的，用东方的语言念起来，是这样清白无二掷地有声，在此前的三十年间，他总是为自己感到骄傲：他叫锦户亮。
396-1	12732-12745	他独自默默然念着自己的名字	_	_	_	_	_	_	
396-1.1	12732-12733	他	锦户亮	_	_	_	_	_	
396-1.2	12740-12742	自己	锦户亮	_	_	_	_	_	
396-2	12745-12746	，	_	_	_	_	_	_	
396-3	12746-12751	妈妈给取的	_	_	_	_	_	_	
396-3.1	12746-12748	妈妈	锦户亮的母亲	_	_	_	_	_	
396-4	12751-12752	，	_	_	_	_	_	_	
396-5	12752-12761	用东方的语言念起来	_	_	_	_	_	_	
396-6	12761-12762	，	_	_	_	_	_	_	
396-7	12762-12773	是这样清白无二掷地有声	_	_	_	_	_	_	
396-8	12773-12774	，	_	_	_	_	_	_	
396-9	12774-12782	在此前的三十年间	_	_	_	_	_	_	
396-10	12782-12783	，	_	_	_	_	_	_	
396-11	12783-12793	他总是为自己感到骄傲	_	_	_	_	_	_	
396-11.1	12783-12784	他	锦户亮	_	_	_	_	_	
396-11.2	12787-12789	自己	锦户亮	_	_	_	_	_	
396-12	12793-12794	：	_	_	_	_	_	_	
396-13	12794-12799	他叫锦户亮	_	_	_	_	_	_	
396-13.1	12794-12795	他	锦户亮	_	_	_	_	_	
396-13.2	12796-12799	锦户亮	锦户亮	_	_	_	_	_	
396-14	12799-12800	。	_	_	_	_	_	_	

#Text=/
#Text=“您叫什么名字？”
397-1	12801-12802	/	_	_	_	_	_	_	
397-2	12803-12804	“	_	_	_	_	_	_	
397-3	12804-12810	您叫什么名字	_	_	_	_	_	_	
397-3.1	12804-12805	您	锦户亮	_	_	_	_	_	
397-4	12810-12811	？	_	_	_	_	_	_	
397-5	12811-12812	”	_	_	_	_	_	_	

#Text=锦户抱着自己脏掉的外套，正心疼得紧，在玄关胡乱把脚踩进鞋子里准备要直接跑去廉价洗衣店。
398-1	12813-12824	锦户抱着自己脏掉的外套	_	_	_	_	_	_	
398-1.1	12813-12815	锦户	锦户亮	_	_	_	_	_	
398-1.2	12817-12819	自己	锦户亮	_	_	_	_	_	
398-2	12824-12825	，	_	_	_	_	_	_	
398-3	12825-12830	正心疼得紧	_	_	_	_	_	_	
398-4	12830-12831	，	_	_	_	_	_	_	
398-5	12831-12855	在玄关胡乱把脚踩进鞋子里准备要直接跑去廉价洗衣店	_	_	_	_	_	_	
398-6	12855-12856	。	_	_	_	_	_	_	

#Text=身后那个年轻的男孩好死不死在这时候开口了，大概拿出了相当的勇气；他自己的那股害羞劲还没过去，怎么调过头面对这个人。
399-1	12856-12876	身后那个年轻的男孩好死不死在这时候开口了	_	_	_	_	_	_	
399-1.1	12858-12865	那个年轻的男孩	大仓忠义	_	_	_	_	_	
399-2	12876-12877	，	_	_	_	_	_	_	
399-3	12877-12887	大概拿出了相当的勇气	_	_	_	_	_	_	
399-4	12887-12888	；	_	_	_	_	_	_	
399-5	12888-12901	他自己的那股害羞劲还没过去	_	_	_	_	_	_	
399-5.1	12888-12891	他自己	锦户亮	_	_	_	_	_	
399-6	12901-12902	，	_	_	_	_	_	_	
399-7	12902-12912	怎么调过头面对这个人	_	_	_	_	_	_	
399-7.1	12909-12912	这个人	大仓忠义	_	_	_	_	_	
399-8	12912-12913	。	_	_	_	_	_	_	

#Text=其实做的不能叫错事，毕竟也算两情相悦。
400-1	12914-12923	其实做的不能叫错事	_	_	_	_	_	_	
400-2	12923-12924	，	_	_	_	_	_	_	
400-3	12924-12932	毕竟也算两情相悦	_	_	_	_	_	_	
400-4	12932-12933	。	_	_	_	_	_	_	

#Text=但锦户的罪恶十字架一想起来就压在心口上，叫他清醒，清醒，快回头。
401-1	12933-12952	但锦户的罪恶十字架一想起来就压在心口上	_	_	_	_	_	_	
401-1.1	12934-12936	锦户	锦户亮	_	_	_	_	_	
401-2	12952-12953	，	_	_	_	_	_	_	
401-3	12953-12957	叫他清醒	_	_	_	_	_	_	
401-3.1	12954-12955	他	锦户亮	_	_	_	_	_	
401-4	12957-12958	，	_	_	_	_	_	_	
401-5	12958-12960	清醒	_	_	_	_	_	_	
401-6	12960-12961	，	_	_	_	_	_	_	
401-7	12961-12964	快回头	_	_	_	_	_	_	
401-8	12964-12965	。	_	_	_	_	_	_	

#Text=不行的。
402-1	12966-12969	不行的	_	_	_	_	_	_	
402-2	12969-12970	。	_	_	_	_	_	_	

#Text=本来就是意外。
403-1	12970-12976	本来就是意外	_	_	_	_	_	_	
403-2	12976-12977	。	_	_	_	_	_	_	

#Text=“——先生？”
404-1	12978-12979	“	_	_	_	_	_	_	
404-2	12979-12980	—	_	_	_	_	_	_	
404-3	12980-12981	—	_	_	_	_	_	_	
404-4	12981-12983	先生	锦户亮	_	_	_	_	_	
404-5	12983-12984	？	_	_	_	_	_	_	
404-6	12984-12985	”	_	_	_	_	_	_	

#Text=这是变声期刚过的一种声音，小心翼翼喊着他。
405-1	12986-12998	这是变声期刚过的一种声音	_	_	_	_	_	_	
405-2	12998-12999	，	_	_	_	_	_	_	
405-3	12999-13006	小心翼翼喊着他	_	_	_	_	_	_	
405-3.1	13005-13006	他	锦户亮	_	_	_	_	_	
405-4	13006-13007	。	_	_	_	_	_	_	

#Text=锦户捏着把手已经一侧身要走了，又半偏过脸来。
406-1	13008-13022	锦户捏着把手已经一侧身要走了	_	_	_	_	_	_	
406-1.1	13008-13010	锦户	锦户亮	_	_	_	_	_	
406-2	13022-13023	，	_	_	_	_	_	_	
406-3	13023-13029	又半偏过脸来	_	_	_	_	_	_	
406-4	13029-13030	。	_	_	_	_	_	_	

#Text=摇摇头，说“不好意思。”
407-1	13030-13033	摇摇头	_	_	_	_	_	_	
407-2	13033-13034	，	_	_	_	_	_	_	
407-3	13034-13035	说	_	_	_	_	_	_	
407-4	13035-13036	“	_	_	_	_	_	_	
407-5	13036-13040	不好意思	_	_	_	_	_	_	
407-6	13040-13041	。	_	_	_	_	_	_	
407-7	13041-13042	”	_	_	_	_	_	_	

#Text=表示名字不能说。
408-1	13042-13049	表示名字不能说	_	_	_	_	_	_	
408-2	13049-13050	。	_	_	_	_	_	_	

#Text=男孩愣在那，仿佛等着他一个理由。
409-1	13051-13056	男孩愣在那	_	_	_	_	_	_	
409-1.1	13051-13053	男孩	大仓忠义	_	_	_	_	_	
409-2	13056-13057	，	_	_	_	_	_	_	
409-3	13057-13066	仿佛等着他一个理由	_	_	_	_	_	_	
409-3.1	13061-13062	他	锦户亮	_	_	_	_	_	
409-4	13066-13067	。	_	_	_	_	_	_	

#Text=天亮时锦户醒过来，坐起身，立即感到身上留存着没清理干净的一堆，一腔怒火冲上来，摧残他本就不怎么有的那点耐心。
410-1	13068-13076	天亮时锦户醒过来	_	_	_	_	_	_	
410-1.1	13071-13073	锦户	锦户亮	_	_	_	_	_	
410-2	13076-13077	，	_	_	_	_	_	_	
410-3	13077-13080	坐起身	_	_	_	_	_	_	
410-4	13080-13081	，	_	_	_	_	_	_	
410-5	13081-13098	立即感到身上留存着没清理干净的一堆	_	_	_	_	_	_	
410-6	13098-13099	，	_	_	_	_	_	_	
410-7	13099-13106	一腔怒火冲上来	_	_	_	_	_	_	
410-8	13106-13107	，	_	_	_	_	_	_	
410-9	13107-13121	摧残他本就不怎么有的那点耐心	_	_	_	_	_	_	
410-9.1	13109-13110	他	锦户亮	_	_	_	_	_	
410-10	13121-13122	。	_	_	_	_	_	_	

#Text=本着兴师问罪的目的，低头看见的却是枕边一个异常安详的睡脸，可小的一张，陷在棉被子里，歪歪扭扭显出的整个身材像刚抽枝的柳树一样纤长。
411-1	13122-13131	本着兴师问罪的目的	_	_	_	_	_	_	
411-2	13131-13132	，	_	_	_	_	_	_	
411-3	13132-13150	低头看见的却是枕边一个异常安详的睡脸	_	_	_	_	_	_	
411-4	13150-13151	，	_	_	_	_	_	_	
411-5	13151-13156	可小的一张	_	_	_	_	_	_	
411-6	13156-13157	，	_	_	_	_	_	_	
411-7	13157-13163	陷在棉被子里	_	_	_	_	_	_	
411-8	13163-13164	，	_	_	_	_	_	_	
411-9	13164-13186	歪歪扭扭显出的整个身材像刚抽枝的柳树一样纤长	_	_	_	_	_	_	
411-10	13186-13187	。	_	_	_	_	_	_	

#Text=他头痛：怎么跟个少爷上了床。
412-1	13188-13191	他头痛	_	_	_	_	_	_	
412-1.1	13188-13189	他	锦户亮	_	_	_	_	_	
412-2	13191-13192	：	_	_	_	_	_	_	
412-3	13192-13201	怎么跟个少爷上了床	_	_	_	_	_	_	
412-3.1	13196-13198	少爷	大仓忠义	_	_	_	_	_	
412-4	13201-13202	。	_	_	_	_	_	_	

#Text=礼貌。
413-1	13203-13205	礼貌	_	_	_	_	_	_	
413-2	13205-13206	。	_	_	_	_	_	_	

#Text=英俊。
414-1	13206-13208	英俊	_	_	_	_	_	_	
414-2	13208-13209	。	_	_	_	_	_	_	

#Text=养尊处优。
415-1	13209-13213	养尊处优	_	_	_	_	_	_	
415-2	13213-13214	。	_	_	_	_	_	_	

#Text=手风琴拉过来拉过去奏着仙境的音乐，周边绕着长了翅膀的天使，轻柔地飞，把他护住。
416-1	13214-13230	手风琴拉过来拉过去奏着仙境的音乐	_	_	_	_	_	_	
416-2	13230-13231	，	_	_	_	_	_	_	
416-3	13231-13242	周边绕着长了翅膀的天使	_	_	_	_	_	_	
416-4	13242-13243	，	_	_	_	_	_	_	
416-5	13243-13247	轻柔地飞	_	_	_	_	_	_	
416-6	13247-13248	，	_	_	_	_	_	_	
416-7	13248-13252	把他护住	_	_	_	_	_	_	
416-7.1	13249-13250	他	大仓忠义	_	_	_	_	_	
416-8	13252-13253	。	_	_	_	_	_	_	

#Text=这是锦户有点搞笑的想象，但差不多就是那样，他长得就是那样，家里摆的也是那样，锦户蹑手蹑脚走下地面，心里戒备着生怕弄坏人家什么东西。
417-1	13253-13264	这是锦户有点搞笑的想象	_	_	_	_	_	_	
417-1.1	13255-13257	锦户	锦户亮	One-Way	include	*	*	419-3.1	
417-2	13264-13265	，	_	_	_	_	_	_	
417-3	13265-13273	但差不多就是那样	_	_	_	_	_	_	
417-4	13273-13274	，	_	_	_	_	_	_	
417-5	13274-13281	他长得就是那样	_	_	_	_	_	_	
417-5.1	13274-13275	他	大仓忠义	One-Way	include	*	*	419-3.1	
417-6	13281-13282	，	_	_	_	_	_	_	
417-7	13282-13290	家里摆的也是那样	_	_	_	_	_	_	
417-8	13290-13291	，	_	_	_	_	_	_	
417-9	13291-13301	锦户蹑手蹑脚走下地面	_	_	_	_	_	_	
417-9.1	13291-13293	锦户	锦户亮	_	_	_	_	_	
417-10	13301-13302	，	_	_	_	_	_	_	
417-11	13302-13317	心里戒备着生怕弄坏人家什么东西	_	_	_	_	_	_	
417-11.1	13311-13313	人家	大仓忠义	_	_	_	_	_	
417-12	13317-13318	。	_	_	_	_	_	_	

#Text=金贵的很，他自己这么便宜，感到误打误撞高攀了，不敢再待下去。
418-1	13318-13322	金贵的很	_	_	_	_	_	_	
418-2	13322-13323	，	_	_	_	_	_	_	
418-3	13323-13330	他自己这么便宜	_	_	_	_	_	_	
418-3.1	13323-13326	他自己	锦户亮	_	_	_	_	_	
418-4	13330-13331	，	_	_	_	_	_	_	
418-5	13331-13340	感到误打误撞高攀了	_	_	_	_	_	_	
418-6	13340-13341	，	_	_	_	_	_	_	
418-7	13341-13347	不敢再待下去	_	_	_	_	_	_	
418-8	13347-13348	。	_	_	_	_	_	_	

#Text=这场性事是暂时的，把他们都拽进一个不同的空间，但是最后还得安安稳稳复归原样。
419-1	13349-13357	这场性事是暂时的	_	_	_	_	_	_	
419-2	13357-13358	，	_	_	_	_	_	_	
419-3	13358-13371	把他们都拽进一个不同的空间	_	_	_	_	_	_	
419-3.1	13359-13361	他们	大仓忠义和锦户亮	_	_	_	_	_	
419-4	13371-13372	，	_	_	_	_	_	_	
419-5	13372-13386	但是最后还得安安稳稳复归原样	_	_	_	_	_	_	
419-6	13386-13387	。	_	_	_	_	_	_	

#Text=大仓从天堂暂时下了地狱，锦户是从地狱暂时上了天堂。
420-1	13388-13399	大仓从天堂暂时下了地狱	_	_	_	_	_	_	
420-1.1	13388-13390	大仓	大仓忠义	_	_	_	_	_	
420-2	13399-13400	，	_	_	_	_	_	_	
420-3	13400-13412	锦户是从地狱暂时上了天堂	_	_	_	_	_	_	
420-3.1	13400-13402	锦户	锦户亮	_	_	_	_	_	
420-4	13412-13413	。	_	_	_	_	_	_	

#Text=各自尝了甜头苦头，哭哭啼啼或者异常决绝地离开了，偶尔想着能不能再回来走一遭。
421-1	13413-13421	各自尝了甜头苦头	_	_	_	_	_	_	
421-1.1	13413-13415	各自	大仓忠义和锦户亮	_	_	_	_	_	
421-2	13421-13422	，	_	_	_	_	_	_	
421-3	13422-13436	哭哭啼啼或者异常决绝地离开了	_	_	_	_	_	_	
421-4	13436-13437	，	_	_	_	_	_	_	
421-5	13437-13450	偶尔想着能不能再回来走一遭	_	_	_	_	_	_	
421-6	13450-13451	。	_	_	_	_	_	_	

#Text=但是就那么顺从命运的安排活了下去。
422-1	13451-13467	但是就那么顺从命运的安排活了下去	_	_	_	_	_	_	
422-2	13467-13468	。	_	_	_	_	_	_	

#Text=就那么再无交集地结束两个人生。
423-1	13468-13482	就那么再无交集地结束两个人生	_	_	_	_	_	_	
423-1.1	13478-13481	两个人	大仓忠义和锦户亮	_	_	_	_	_	
423-2	13482-13483	。	_	_	_	_	_	_	

#Text=这才应该。
424-1	13484-13488	这才应该	_	_	_	_	_	_	
424-2	13488-13489	。	_	_	_	_	_	_	

#Text=可是为什么应该？
425-1	13490-13497	可是为什么应该	_	_	_	_	_	_	
425-2	13497-13498	？	_	_	_	_	_	_	

#Text=男孩扁着嘴巴，大睁的浅色眼珠让他像只毛绒玩偶，锦户想着给他个理由吧，一阵不忍心。
426-1	13499-13505	男孩扁着嘴巴	_	_	_	_	_	_	
426-1.1	13499-13501	男孩	大仓忠义	_	_	_	_	_	
426-2	13505-13506	，	_	_	_	_	_	_	
426-3	13506-13521	大睁的浅色眼珠让他像只毛绒玩偶	_	_	_	_	_	_	
426-3.1	13514-13515	他	锦户亮	_	_	_	_	_	
426-4	13521-13522	，	_	_	_	_	_	_	
426-5	13522-13532	锦户想着给他个理由吧	_	_	_	_	_	_	
426-5.1	13522-13524	锦户	锦户亮	_	_	_	_	_	
426-5.2	13527-13528	他	大仓忠义	_	_	_	_	_	
426-6	13532-13533	，	_	_	_	_	_	_	
426-7	13533-13538	一阵不忍心	_	_	_	_	_	_	
426-8	13538-13539	。	_	_	_	_	_	_	

#Text=只不过还得把他抛下。
427-1	13539-13548	只不过还得把他抛下	_	_	_	_	_	_	
427-1.1	13545-13546	他	大仓忠义	_	_	_	_	_	
427-2	13548-13549	。	_	_	_	_	_	_	

#Text=在童话的境地里，他就此痛痛便完了，把自己删除，此后才可以两厢一帆风顺。
428-1	13549-13556	在童话的境地里	_	_	_	_	_	_	
428-2	13556-13557	，	_	_	_	_	_	_	
428-3	13557-13565	他就此痛痛便完了	_	_	_	_	_	_	
428-3.1	13557-13558	他	大仓忠义	_	_	_	_	_	
428-4	13565-13566	，	_	_	_	_	_	_	
428-5	13566-13571	把自己删除	_	_	_	_	_	_	
428-5.1	13567-13569	自己	锦户亮	_	_	_	_	_	
428-6	13571-13572	，	_	_	_	_	_	_	
428-7	13572-13583	此后才可以两厢一帆风顺	_	_	_	_	_	_	
428-7.1	13577-13579	两厢	大仓忠义和锦户亮	_	_	_	_	_	
428-8	13583-13584	。	_	_	_	_	_	_	

#Text=于是记起这句话：
#Text=“我们不在一个世界。”
429-1	13585-13592	于是记起这句话	_	_	_	_	_	_	
429-2	13592-13593	：	_	_	_	_	_	_	
429-3	13594-13595	“	_	_	_	_	_	_	
429-4	13595-13603	我们不在一个世界	_	_	_	_	_	_	
429-4.1	13595-13597	我们	大仓忠义和锦户亮	_	_	_	_	_	
429-5	13603-13604	。	_	_	_	_	_	_	
429-6	13604-13605	”	_	_	_	_	_	_	

#Text=“我们不在一个世界，”德维特中将的那条走狗走在锦户的后头，抵着脊梁柱把他送进一辆车。
430-1	13606-13607	“	_	_	_	_	_	_	
430-2	13607-13615	我们不在一个世界	_	_	_	_	_	_	
430-2.1	13607-13609	我们	锦户亮和传话的男人	_	_	_	_	_	
430-3	13615-13616	，	_	_	_	_	_	_	
430-4	13616-13617	”	_	_	_	_	_	_	
430-5	13617-13634	德维特中将的那条走狗走在锦户的后头	_	_	_	_	_	_	
430-5.1	13617-13627	德维特中将的那条走狗	传话的男人	One-Way	include	*	*	430-2.1	
430-5.2	13617-13622	德维特中将	德维特中将	_	_	_	_	_	
430-5.3	13629-13631	锦户	锦户亮	One-Way	include	*	*	430-2.1	
430-6	13634-13635	，	_	_	_	_	_	_	
430-7	13635-13647	抵着脊梁柱把他送进一辆车	_	_	_	_	_	_	
430-7.1	13641-13642	他	锦户亮	_	_	_	_	_	
430-8	13647-13648	。	_	_	_	_	_	_	

#Text=在所有的纸上都用笔写着他自由了，但锦户知道自己永远都出不了牢房。
431-1	13648-13663	在所有的纸上都用笔写着他自由了	_	_	_	_	_	_	
431-1.1	13659-13660	他	锦户亮	_	_	_	_	_	
431-2	13663-13664	，	_	_	_	_	_	_	
431-3	13664-13679	但锦户知道自己永远都出不了牢房	_	_	_	_	_	_	
431-3.1	13665-13667	锦户	锦户亮	_	_	_	_	_	
431-3.2	13669-13671	自己	锦户亮	_	_	_	_	_	
431-4	13679-13680	。	_	_	_	_	_	_	

#Text=“——别做梦，天堂顶上摩肩接踵，先生，谁都想飞上去，挤满了人...但你的号码牌就算是领了，等到骨灰融化也等不到一扇门开。”
432-1	13681-13682	“	_	_	_	_	_	_	
432-2	13682-13683	—	_	_	_	_	_	_	
432-3	13683-13684	—	_	_	_	_	_	_	
432-4	13684-13687	别做梦	_	_	_	_	_	_	
432-5	13687-13688	，	_	_	_	_	_	_	
432-6	13688-13696	天堂顶上摩肩接踵	_	_	_	_	_	_	
432-7	13696-13697	，	_	_	_	_	_	_	
432-8	13697-13699	先生	锦户亮	_	_	_	_	_	
432-9	13699-13700	，	_	_	_	_	_	_	
432-10	13700-13706	谁都想飞上去	_	_	_	_	_	_	
432-11	13706-13707	，	_	_	_	_	_	_	
432-12	13707-13711	挤满了人	_	_	_	_	_	_	
432-13	13711-13712	.	_	_	_	_	_	_	
432-14	13712-13713	.	_	_	_	_	_	_	
432-15	13713-13714	.	_	_	_	_	_	_	
432-16	13714-13725	但你的号码牌就算是领了	_	_	_	_	_	_	
432-16.1	13715-13716	你	锦户亮	_	_	_	_	_	
432-17	13725-13726	，	_	_	_	_	_	_	
432-18	13726-13740	等到骨灰融化也等不到一扇门开	_	_	_	_	_	_	
432-19	13740-13741	。	_	_	_	_	_	_	
432-20	13741-13742	”	_	_	_	_	_	_	

#Text=他塞给他一串钥匙和小本的证件，“多多指教，锦户老师，”说完小丑一样地笑了，两只手穿过窗趁此握住，惹人嫌恶地产生摩擦。
433-1	13743-13757	他塞给他一串钥匙和小本的证件	_	_	_	_	_	_	
433-1.1	13743-13744	他	传话的男人	_	_	_	_	_	
433-1.2	13746-13747	他	锦户亮	_	_	_	_	_	
433-2	13757-13758	，	_	_	_	_	_	_	
433-3	13758-13759	“	_	_	_	_	_	_	
433-4	13759-13763	多多指教	_	_	_	_	_	_	
433-5	13763-13764	，	_	_	_	_	_	_	
433-6	13764-13768	锦户老师	锦户亮	_	_	_	_	_	
433-7	13768-13769	，	_	_	_	_	_	_	
433-8	13769-13770	”	_	_	_	_	_	_	
433-9	13770-13779	说完小丑一样地笑了	_	_	_	_	_	_	
433-10	13779-13780	，	_	_	_	_	_	_	
433-11	13780-13790	两只手穿过窗趁此握住	_	_	_	_	_	_	
433-12	13790-13791	，	_	_	_	_	_	_	
433-13	13791-13800	惹人嫌恶地产生摩擦	_	_	_	_	_	_	
433-14	13800-13801	。	_	_	_	_	_	_	

#Text=他想甩掉，但是没力气，就被人抓着。
434-1	13802-13806	他想甩掉	_	_	_	_	_	_	
434-1.1	13802-13803	他	锦户亮	_	_	_	_	_	
434-2	13806-13807	，	_	_	_	_	_	_	
434-3	13807-13812	但是没力气	_	_	_	_	_	_	
434-4	13812-13813	，	_	_	_	_	_	_	
434-5	13813-13818	就被人抓着	_	_	_	_	_	_	
434-6	13818-13819	。	_	_	_	_	_	_	

#Text=被抓着的仿佛是很虚无的东西，在久远的岁月中忘记怎么就黯然的失了色。
435-1	13819-13832	被抓着的仿佛是很虚无的东西	_	_	_	_	_	_	
435-2	13832-13833	，	_	_	_	_	_	_	
435-3	13833-13851	在久远的岁月中忘记怎么就黯然的失了色	_	_	_	_	_	_	
435-4	13851-13852	。	_	_	_	_	_	_	

#Text=只是空起了满背鸡皮疙瘩。
436-1	13852-13863	只是空起了满背鸡皮疙瘩	_	_	_	_	_	_	
436-2	13863-13864	。	_	_	_	_	_	_	

#Text=TBC
437-1	13865-13868	TBC	_	_	_	_	_	_	
